6193691
6325243
6278041
1511897
1687900
1687899
1687895
1511898
2016475
2016457
2016460
2016454
2024522
3246363
2016480
3293481
3593190
3760435
3779378
3955657
3984456
4051378
4027443
4444181
4498983
4512393
4523004
4523005
4488806
4634450
4650470
4815956
4900207
4914014
5009908
4974912
5040064
5038954
5067165
5092879
5202820
5188939
5309178
5365101
5373504
5379787
5508967
5508839
5596282
5604658
5626863
5601503
5666221
5670673
5679298
5790091
5785682
5889731
5915032
5970640
6020918
6020921
6150665
6112594
6147201
6028739
3958379
6545284
6569953
6456143
6720728
6687461
6534378
6542061
4680233
6403465
6781897
7099672
7099556
6886205
7047406
6741695
6771159
7170017
7212020
7108430
7581260
7581263
7569771
7426677
7572005
7481932
7494444
7482051
7602742
7653981
7707313
3777671
5790327
7667931
7541882
7541883
7953105
7934101
7920722
7948837
8157056
8090682
8075799
8075800
8323653
8332342
8025099
8118532
8107577
6919125
8345912
8379435
8488717
8264562
8426316
8365523
8445885
8639148
8777014
8958675
8750375
7011779
8695198
9053048
8715207
4865263
6871067
8785672
9015569
14519088
14492302
8699182
14508098
8696595
14420188
9026435
8673695
8731109
8693662
14551068
14516815
14541078
8844036
9154796
9021635
8804696
8720512
8771238
8758277
9091503
9091504
9091505
9153223
8804592
9434974
9404265
8602486
9133609
9412647
7989698
9495717
9655634
9654977
9723723
9552702
9552249
10020524
10003949
10022305
9894132
9785311
9413632
9921549
9921550
10033173
9883861
9965781
9877968
8030857
9901302
9870853
9797671
9871237
9763346
9888700
9865925
10430782
10302575
10480248
10147664
10291159
10451855
10528089
10528144
11022630
9497680
10979264
10643390
10933578
10750171
10419964
10528118
10267489
10903397
10903407
11186027
10348007
11159882
11186034
10533138
10837008
10449511
10831615
10891804
11056297
11012684
10260638
11145417
11251004
10103610
10148036
10196860
10048747
11154024
11050912
11474662
11307765
11395812
11466421
11681140
11435975
11448151
11394744
11384401
11476797
11473949
11294030
11309108
10729666
10729667
11570130
11570194
11632186
11830815
11830819
11633426
11624101
11624402
11836552
11759159
11759160
11530536
11599882
8958550
10132975
11829385
10154868
11571859
11742322
11523729
11742120
11436967
11823540
11794083
11794231
11794232
11753395
11752810
8720349
12030309
12206895
12461039
12530948
12498101
11946981
11866001
12414724
12414730
12414732
12432097
12356022
12484673
12293486
10308703
12093819
12585617
12577764
12331368
12081281
12344729
13077732
12735874
13237615
12876265
12988689
12869479
13072966
12861389
13363466
13137848
13111566
12973040
13066668
13055996
13326899
12721851
12914510
12765803
14056994
13858983
13889567
13889568
12973722
13283859
13489740
14228831
13564885
14230888
13890624
13869631
13814883
13571752
13515375
13579886
14003586
13742778
14059449
14541394
13579504
14229288
14257790
14193604
13982232
13805444
13938198
13833910
14365379
13971872
14631882
14569295
14578363
14622235
14647864
14655375
14615839
14639930
14641157
14738770
13956845
15112392
15097039
15072166
14650137
14911116
14599074
14963408
14765430
14765431
14632688
15339217
15215658
15279686
15494308
15441026
15429628
15387276
15180582
15179752
15262180
15262179
15385888
15534548
15629215
15578159
15616003
15588876
15588879
15587625
15537089
15671983
15669131
15567989
15769581
15725928
15835885
15825683
15928672
15886620
16060393
13554405
12682128
16199086
15982809
16160645
16073257
16072844
16238996
16260015
16280741
16281926
16281851
16281855
16380045
16358697
16492113
16483903
16578523
16527079
16519370
16519372
16425395
16539645
16569414
16475817
16539647
16781956
16745648
16691832
12398809
17262911
15811264
16970270
16933215
17200321
17202519
17098611
17411994
17411995
17482659
17460656
17461151
17358519
17853916
17885074
17734892
17655521
17678685
17949131
17823766
17721363
17810446
17792139
17790715
17743343
17625752
17896229
17594224
17970752
17981499
18035316
18020714
18020346
18020220
18067622
18225352
18600179
18458633
18433338
18390960
18390984
19126002
19317896
16002121
19077556
19096815
19096814
19077393
18973065
18985273
19159281
19304291
19055200
19391254
19096983
18932909
18880605
18893352
18922398
18841522
18791589
18511308
18764773
19392248
19824201
19829510
19840003
19657827
19692470
19743158
20089346
20074190
20203953
20140739
20274185
20274184
20336201
20382958
20435932
20436830
20469102
20399860
20594129
20593062
20827440
20730374
20730372
20765218
20730560
20730627
20930552
20824877
20811805
20869300
21110029
21110106
17142548
17224230
20899309
20989816
17603269
21080621
21156921
21303622
21320243
21390623
21349262
21470028
21470035
21455658
21480632
21510349
21610369
21885718
21886287
21804843
21733116
21804572
21869704
21869716
22048343
22367672
22196063
22366902
22402670
22621796
17537402
22639851
22299407
22097174
22558659
22195250
22558301
22195380
22542672
18274281
18349453
22457731
22478513
22480079
22480756
22494295
22402444
22749648
22750472
22781047
22780112
22865556
23026534
23166804
23148648
22705320
22705779
22825852
23388109
22940429
23294357
17188254
23167678
22850681
23025230
23025321
22958570
22958560
22942313
22958550
22958554
23114368
23114371
23114380
23383182
18734684
19291460
23307865
23307869
23604614
23608346
23885834
23844021
23885833
19291290
23742029
23840448
23840449
23766726
23702418
23997323
23997233
23997327
23997232
23993874
24808153
24492069
24118057
24118056
17164482
24193578
24617833
24241853
25031830
25083955
24341117
24370369
24370368
24370366
24397378
25418821
25006035
21050484
25200587
25226354
25711620
25711632
25643881
25619789
25643883
25643153
25593115
25542011
25470517
25565963
25565964
25467193
25467099
25832508
25833028
25493792
25859246
25859240
25859241
25834425
25783629
25956977
26156266
26556769
26080775
25906163
25958799
25960347
26451731
26585758
27013360
26007558
26008815
26007563
26299296
26556495
26179874
26204451
26640711
26640564
26983960
26983963
27314794
26783563
27653306
27285732
27373093
27373804
27373805
27346332
27428184
27401452
27374447
27483354
27707814
27707577
27595560
27679645
27564510
27564185
27564640
27934409
20501081
19086864
27990687
28284553
27991435
27851060
27851611
27851056
27851843
27851789
27852183
28106350
28108465
28078367
28633719
28484546
28377018
28551359
21124341
28844951
28845104
28284486
28197959
28287407
28765084
28255270
28658365
16795199
28815710
29146660
29279153
29025802
29085441
20516889
29320607
29262349
22800421
23114370
21886289
16280740
24193577

24617693
6223608
6215334
6179017
6340780
6162877
12194054
6283638
6269054
1163956
1163957
1219974
6256443
6241939
1607999
1739892
1739894
10297667
2016471
10143043
2016448
2016461
3023777
2024520
3293273
3267115
14059450
13018783
3571139
3586359
3620284
3761179
3721793
3861671
2016476
3311189
4051379
4031602
4167051
4237408
4242808
4382119
4370056
4446117
3265993
4488787
4532563
4721240
4772897
4784387
4788116
4855036
4903959
4865168
4880151
4991886
5015105
5020378
5188220
5251319
5309240
5528374
5577891
5560432
5631236
5584027
5666222
5717692
5713863
5687813
5713312
5868390
3771396
2016432
6104817
5717691
6383583
6437839
6495050
6507728
6488163
6655468
6399113
6401647
7103511
6951438
6877642
6992492
6851984
4942767
7033624
6752024
7261907
7228771
7340349
7292364
7016682
7461538
7497622
7481930
7401817
7572091
7741538
7711765
7697232
7661669
7782625
7795912
7623012
8195379
8178431
8044087
8043133
8039235
8060964
8489491
8248746
8361375
8509769
8418367
8618192
8522060
8468771
8526933
7729215
7782687
8795028
7066971
8702991
14492303
14469308
14568449
14416162
8717954
14541079
14504754
8673556
7416389
14628241
14489281
8660548
8992081
8770533
9131947
7228770
8804834
9319936
9011075
9283315
8117749
9301495
9179683
9673003
9654729
9707394
9558284
9613156
9460480
9701508
9670899
9729148
9752083
9723725
9641182
9527432
9666054
9595990
9807678
8001166
9793054
9413982
9987737
9975908
9424080
10032251
10032252
9955116
9965724
9965782
9927320
9901171
10374727
9865320
9954949
9011074
10430783
10415880
10380827
10180903
10327180
10333150
10291437
10415256
10070230
10591428
10215822
10292430
10503400
10934575
10941061
11086396
10528125
10852664
10126704
11186032
11232651
11186858
11180906
10969173
10987830
11012573
10764020
11210913
11050622
10160167
10132218
10154867
10986517
11106297
10174325
10085931
10164453
10077035
10779426
11165782
11127267
11127268
11197745
11210184
11332460
11504519
9736391
11466423
11668356
11442176
11448152
11448153
11504752
11384285
11294237
11148838
11531727
11709360
11570268
11538000
11300404
11518099
11401587
11830820
11645284
11844432
11372034
11315030
11793684
11741492
11543980
11525109
12379665
12045538
11953707
11953709
11975951
12038426
11929622
12423759
12123196
11994881
12171588
11994880
12170641
11937842
12241110
12414726
12315930
12037933
12432098
12432101
12356019
12109333
12279440
8693663
10424835
12642518
12475852
11905875
12122166
12422866
12422867
12422869
12405994
11968470
11968473
12922453
12922720
12735875
13169744
13296545
12988879
12877116
13019507
13355195
13084375
12995545
12929137
13244884
13192920
12757642
13097923
13193098
13066669
13326900
13026816
12765800
12414728
14081990
13777862
11569954
13283846
13642714
13815051
11850101
14277377
13745913
13731761
13571587
13515374
13744427
11680918
14227230
14229283
14229287
13942530
13517943
13986145
13908849
14557161
14557160
14620924
14579913
14531405
14982254
14911115
14828918
15376181
15367998
15224076
15279688
15251460
15429873
15402597
15395907
15458074
15485873
15449281
15669135
15629703
15577245
15578804
15887938
15769577
15666717
15725925
15811265
15667923
15854809
16058964
16058756
16059686
14081991
15982478
15982808
15984060
16151173
16159284
16149561
16191209
16267892
16225893
16281850
16281854
16278575
16369187
16381611
16410753
16338707
16358687
16358695
16483904
14489282
16592613
16527442
16519371
16527279
16467717
13654574
16621786
16539649
16540074
16485073
16647769
16794103
16857295
16691834
16713321
14081993
17272517
17259007
17011628
13677296
17200632
17048795
17141217
17200941
17389410
17399206
17440721
17317539
17316536
17787214
17712801
17666377
17655522
17557223
17824429
17949083
17925384
17939795
1299949
17949271
17898363
18137434
18152835
17992591
18082093
18082139
14647840
18652019
18020103
18311651
16591111
18349886
18259950
18247503
18457639
18585261
18272858
18433339
18274280
18202311
18587402
19317895
19241177
19332141
19077608
19066776
18985023
19150135
19360305
18781119
18781121
18781120

18721453
18780070
18922399
18763986
15086886
19522671
19392246
19578546
19760564
19883661
19824800
19900291
19900292
20024336
20336692
20023182
20158090
20289232
20274183
17378855
20518252
20500902
20532737
20454226
20357940
20716895
20577440
20730376
20810625
20811807
21110852
17153366
20899032
21050483
21143441
21141586
21141587
21408712
21303752
21320442
21273039
21376017
21349261
21361924
21652294
21538675
21623366
18536199
18600180
21886288
21804844
21732523
21933388
21964264
21791465
21716595
21965013
21839177
22079744
22064505
21932235
22030519
22350273
22621415
22211741
22211789
22604820
22457469
22459426
22299613
22164342
16568654
22542918
22558270
22477705
22494294
22402171
22402175
22780129
23148928
22826275
23388110
22940377
22941454
24022741
23327932
23243111
23327898
22850738
23023982
23024431
22958555
22958569
22958566
22958571
23114343
23114346
23114376
23114387
23114373
23114375
23114389
23110413
19241056
23076792
23307637
23307867
23501216
23769420
23741238
24464841
24465098
24493019
24493021
15669133
24806471
24978801
24118987
25042881
24046713
24069143
24217326
24217336
24317378
24618691
24241852
24593062
25007481
25252250
25083953
24341111
24370371
24370367
24420809
24420808
24906088
25441614
25006033
25006034
20811806
25226350
25226351
25226349
25300843
25300842
25711957
25619785
25643882
25542176
25565521
26504456
25859245
25806746
25783475
25956998
26584405
26080654
26056750
26205934
26079289
26080812
26080544
26007562
26007559
25960276
26479038
27326097
26376067
26032276
26054948
26274976
26274975
26323461
26204097
26882504
27040345
27094066
27260182
26640710
26983964
26983962
26983961
27011161
26783562
26934580
26755583
27653307
20730373
27282902
27428502
27564337
27564683
27934074
27934478
19013126
27990377
27765905
27851061
27851613
28106353
28080575
27992260
28633714
28633715
28478764
28478766
28479700
28552839
28579560
21080693
28286890
28287408
28713126
21965015
20764231
21840678
28789185
29082639
28995829
20765219
22402445
20372057
22718185
6205633
6174371
6277987
1299948
1388991
1388986
1389000
1607993
2016495
2016459
3055259
2024527
3160926
3197889
3216011
3267114
2016501
3362715
3391605
3453951
3572667
3561698
3590206
3590207
3779361
3854801
2016463
4027442
4242807
4280596
4280597
4345581
4350701
4409650
4437015
4461022
4609016
4758557
4970201
4971987
5000502
5143935
5163542
5188219
5175586
5257645
5245926
3895434
5349586
5445753
5495691
5578268
5615415
5666192
5755503
5915346
5922659
6020917
6022436
6049534
6358200
6644323
6576019
6455685
6483073
6553540
6533030
6524922
6403466
6401103
6918815
6960662
6761802
6851985
6890855
6893734
6870253
6825032
6915178
7147057
7261778
7264049
7181967
7205497
7569724
7450594
7395042
7584442
7602084
7554638
7478605
7387821
7602741
7346417
7364862
7739482
7689572
7735154
7613335
7800467
7530360
7533720
7996980
7956322
8008819
7917402
8265885
8075390
8095701
8075801
8328047
8027897
8422040
8545320
6510100
8489106
8107346
8362054
8107576
8382742
8533186
8426398
8367731
8739807
8581109
8918561
8958549
8917507
6374741
8966151
8794404
7774962
8749776
7835766
8861054
14417600
9026528
14514918
8808899
9017030
8633539
9129815
9234451
9467200
8957746
9429727
9133612
9246793
9319491
9295942
4736563
9655604
9750864
9678438
9683392
9723724
9552461
9807676
8265883
8820222
9395026
9975572
9424078
9684862
9684863
9949057
9814817
10033640
9988011
9865831
9921918
9954948
9872482
9872488
8110633
10379899
10281863
10291158
10215607
10913585
10943672
10528107
10528108
10516083
10440612
11086393
11034609
10497626
10921192
10880041
11192112
10155709
10231556
11086395
11086397
11160094
11086394
10958638
10969171
10762928
10687909
10851289
10737564
10488971
10227083
10903021
11178303
11135146
11226430
11113153
10114558
11116368
10072044
11148785
11466428
11681154
11265826
11409702
11499122
11476392
11838583
11568316
11709359
11537756
11477896
11556766
11674953
11369484
11850893
11802534
11319817
11687631
11687632
11571858
11742323
11571362
11619830
11794196
11794609
11803481
11722486
11525107
11525108
12314445
12600676
12189904
12058082
12073199
12073200
12354949
12030307
9799419
11938605
12234979
11946870
11866025
12469660
12356021
12682126
12682127
12626103
12279569
12507817
8107439
12475922
12087412
12422862
12634069
12514960
12093820
12617898
13322303
12900082
13171359
13035632
13254600
13237616
12867202
13148116
12729546
12756237
12836821
13377545
13084376
12860536
13138282
12701364
13105546
12914810
9388557
13066670
12721807
12721808
13326485
13245307
12965044
14081988
13776367
11598928
14211170
14058056
14098709
13322036
13283853
13283854
13283856
13283860
13341782
14228830
13645458
14408904
13642095
14337393
14337395
13403086
13731255
13731259
13515370
13515376
11448156
13544624
13513500
13507251
14275186
11945768
13518567
13827491
13949760
13986223
14369120
14150037
14239433
13938201
13660541
11395530
11171728
13986868
13597610
14650486
14657511
14647513
14641158
14573832
14581875
15086885
14982370
14897525
14982232
14897526
15330168
15376248
15376177
15287096
15261396
15429630
15137317
15196036
15329660
15260446
15519901
15457852
15534546
15534547
15628852
15629465
15588878
15588880
15578158
15713811
15811260
15854807
15854939
15854804
15917198
15886835
15878604
15879021
15960668
16071175
13068168
15982549
15982807
15992066
16034114
16179518
16081891
16129261
16022254
16335112
16335430
16379664
16369188
16325979
16358696
14492450
14568448
13704163
13730197
16519369
16527446
16518089
16430031
16425224
16621936
16485074
16691836
16808266
16808267
16634806
16645737
16858144
16782847
16781957
16820020
16711858
16898386
14504540
14416300
17294606
17312278
17259871
17154394
17154395
17154400
17212893
17175217
17389409
17569508
17569773
17569302
17666378
17939796
17515006
17710815
17517347
17744200
17790713
17790712
17624268
17626877
17594222
18137074
15023898
18082126
18047595

18051194
18392730
18213498
18653897
18587809
18289693
18536198
18247294
18323804
18471590
18523783
19203487
19265382
19317897
19346872
19077555
19053741
19290090
19111322
18780674
18779998
18763143
18791721
18681620
18764921
18720377
19201643
15879088
19423166
19505291
14266233
19610700
19485692
19674507
19868467
19829509
19854543
19709122
20024335
20074189
20023254
20354270
20372058
20372059
20516387
20436280
20532736
20418352
20515849
20594901
20654453
20702035
20656371
20672261
20686128
20686195
20764229
20930553
20930554
20958799
20824904
20943307
21125223
21110853
16744782
20901223
20901225
20988964
21050482
21185180
21320624
21321842
21273984
21273040
21390560
21349263
21456029
21455657
21496788
21481395
21538474
21581904
13132871
21652400
21733118
21732901
21653448
21049059
21854275
21050008
21854596
21965014
21965012
21840677
22030429
22030430
15961839
19522236
22350577
17306968
22215548
22113391
22622060
22264616
22459431
22438317
22438360
22524581
22132941
22301715
22179624
17451524
14828618
17515698
22671554
22542773
23148929
22849797
22740418
22940615
23061405
23295488
23295512
23295513
23024030
23025225
22958559
22958579
22958580
22958548
18311939
23114347
23114348
23114350
23114354
23114356
23114363
23114364
23114362
23114369
23114381
23114386
23114341
23114352
23090423
23204100
23335324
23307871
23575575
23844022
23844027
23792985
23769417
23886562
23605020
23741348
24493025
23937765
24808152
24783585
24709782
24977741
24118058
19657359
24293789
24317379
24619557
24619154
25111026
25083949
25107535
24855123
24341116
24397377
24420812
24418528
24882294
24217328
24494702
24494225
24981458
24982170
25299322
25712132
25665220
25665784
25665785
25619784
25643873
25593418
25592787
25592788
25593056
25593386
25542123
25542436
25468076
25005817
26130793
26130791
26556765
26556766
26081374
25906159
25906164
25906170
25983952
26479037
26451290
27012903
27012943
26054765
26032272
26007561
26400465
26424803
26424901
26556491
26180198
26832900
27067834
27235394
26668200
27011811
26983955
26984216
26757899
26759435
26783676
26783569
26883785
27318223
27318221
27346209
27261297
27428376
27428379
27399685
27535236
27766035
27736933
27536201
27535611
27564136
27564186
27566008
27566015
27568040
28283274
27765901
27851054
27851614
27851612
27851058
28052583
28223614
28223377
28314926
28314925
28346456
28314927
28552836
28552838
28377240
28525234
28525235
28551530
28416221
28412472
22574296
22790203
28109222
28815379
28786963
21390671
19066794
21390958
28962986
29053241
29118475
29082602
29585238
20518253
22638418
16539648
22958572
23114374
22958556
23243106
19578545
18855751
6229408
4502959
6340779
6296476
1163958
1219975
1388992
1388981
1607995
1607997
1687898
10221005
2016443
2016493
1739897
2016469
2016462
2016479
2016464
2016451
3129811
2024532
12152968
3240536
3327697
3334050
10528133
10528088
3572668
3593189
3624412
3729507
3739968
3817609
3779376
3821788
4350696
4413461
4398636
3723943
4521008
4704412
4734429
4788118
4845614
4904657
4957601
5009909
5005619
4974916
5011405
5020380
5020381
5063267
5101207
5101208
5124386
5289459
5251320
5393515
5417997
3854800
5495601
5495602
5487519
5567446
5593543
5603894
5621689
5592502
5819162
5789043
5851244
4409718
6006528
5998183
6020920
6137068
6147200
6028740
6053574
6616466
6644299
6559961
6576541
6455336
6491547
6542060
6400083
6942858
6954063
6960364
6911748
6810245
6788735
7051049
6842419
6855393
6892968
7127316
7128692
7104300
7374667
7227241
7108429
7581264
7581262
7395041
7478606
7735064
7711726
7697210
7728025
7727778
7639955
7537322
7974917
7839499
7871448
7804390
7830980
8265881
8265882
8310171
8178087
8098652
8051378
8279699
8100725
8549335
8496859
8317712
8107578
8488716
8533245
8271157
8239133
8426318
8554414
8965756
8624703
8465182
6667656
9040534
8777017
9012436
7948963
8685710
8695196
8794410
8749066
8891549
8639650
7843187
14492301
14456389
14417517
9068518
8673803
8841725
8995371
8966481
14507154
9154784
8777759
8953343
8720513
9241273
9112727
8972158
8972825
9466590
9133608
9133610
9133611
9327079
9060017
9394560
9698789
9625935
9641515
9552703
9552743
9413981
8749065
10008689
9954581
9424079
9424081
9684861
9684864
10034709
9974729
9939536
9775022
9413347
10374797
10378393
9871428
9831623
9865926
9926877
10379376
10245872
10245873
10297666
10291438
10291845
10236834
10903661
11022632
11027328
10636089
10643530
10636790
10891979
11083212
11083213
11086390
10865125
10921334
9997407
10528114
10528116
10528126
10528130
11159589
11186035
10227775
10969172
11112233
11135856
10851288
10851290
10773072
10786824
11211064
10688359
11133572
11146410
9511778
10154869
10132979
10059581
11127266
10992985
11197744
11346204
11332459
11505764
11466417
11466426
11681141
11681273
11410692
11448155
11473948
11294027
11153566
11838581
11838584
11675042
11638897
11421789
11477897
11477898
11401586
11830816
11421905
11631145
11556724
11656372
11708371
11530636
11549973
11372033
11782523
11340617
11571361
11571487
11523539
11632810
11632811
11987389
12652789
8196341
12206894
12461040
12337491
12529868
11871589
10245871
12109213
12414725
12414734
11870936
12109332
12682129
4974915
12608889
12560461
12568981
12475924
11892896
10479862
12667229
12430388
12081282
13243832
12189680
13161698
13179305
10986929
13304988
13237618
13236620
12949948
12861108
13354996
13317079
12748507
13356641
13011875
12821614
13192919
12914811
13186642
13326898
13261856
12749109
12765802
14056992
11946869
13632388
14081989
14001803
13491587
13732082
13777877
14211169
13378130
13283850
13283855
13283858
13283863
13283864
13624036
13988404
13631771
14060564
13564280
14337397
13814881
13731257
13731258
11571857
13505527
13505528
14357145
14229284
14229339
14257789
13938195
13833911
13807481
13660551
13477512
14557159
14634871
14579973
14658098
14526884
14647932
14610818
14599072
14738768
14297767
15112393
15118640
15135106
15134934
14650138
14738769
14739427
14852064
15367996
15366840
15262178
15441025
15439785
15429629
15429420
15180575
15387275
15150888
15324064
15492321
15616000
15556985
15420334
15588877
15615992
15578157
15672514
15547149
15666161
15769582
15769814
15725927
15494309
15736124
15877405
15865283
15854814
15854813
15835883
15854810
13403085
15929808
15867137
15970065
16058757
14322220
15981561
15984059
16179691
16081999
16129193
16402065
16400687
16358692
13588144
14568450
16589186
16621636
10528122
16430032
16425170
16539646
16794105
16858788
16782848
16746899
16967627
13515371
13988713
17293315
17258611
17011802
16989171
16955489
16922403
17154398
17059491
17037037
17336957
14738767
17471600
17389433
13515373
17460749
17306964
17306966
17358733
17853912
17876297
17569507
17678185
17557221
17924757
17949084
17515005
17515699
1388985
17863768
17711972
17790714
18100869
17991691
18035676
18047593
18047594
18035678
18668257
18639240
18054103
18508761
16159594
18497769
18496812
18161848
18247295
14611266
18458677
18458280
18585264
18585267
18386449
18511524
18511525
18163958
19125874
19228454
19214069
19277366
19011621
19053744
19077457
18973512
18959515
18985375
13403084
19267455
19391252
19391255
19087440
18880304
18721211
18763919
18935070
18854255
18782072
18791887
18763363
19470769
19519364
19641318
19789093
19742039
20124969
20024332
19961348
20091768
14354794
20336693
20089559
20074191
20059703
20059702
20123265
20123808
20224059
20172964
20354271
20532246
20435934
20501929
20594708
20730375
20929989
20826107
21125259
16214891
20960875
21050481
20974826
20942852
21185110
16034119
21156920
21243404
21217177
21273983
21272924
21254594
17011860
21349259
21456037
21456108
21390832
21538967
21538966
21481639
21552941
21510348
21583368
18083209
15669138
21807335
21822715
21806791
21854276
21869715
22048852
21998192
17925056
15779897
22066415
22639853
22524582
22129914
17721181
22264617
22264615
22264618
22588761
22603869
22438318
22283713

22299966
22301716
22478361
22477921
22494296
22384335
22771364
23341044
22705886
22740635
22812501
24250286
22940919
23295482
23243105
23243110
23024432
22958564
22958567
22958549
22958558
22958551
22958552
22958547
23114342
23114366
23114378
23114367
23114338
23114357
23114361
23114388
23111541
19096948
18999008
23575572
23608347
23608349
23608348
23844026
23769423
23769419
23997324
23997229
23995893
24879953
24712217
24951661
24094519
24069207
24217327
24216692
25204813
24293569
23936625
24622005
24218697
25056066
25107732
25107199
25083950
24341118
24341110
24341119
24370370
24394903
24418637
24518164
24518110
24494227
24518109
24494226
25226352
25299342
25589386
25643879
25643878
25565965
25761677
25736856
25643876
26635226
26769026
25956771
26130792
26130789
26156012
26156014
26156013
26130788
26156166
26130794
26205411
26584275
26584631
26056607
26080388
26230770
25960277
25960281
26479036
26451722
26327615
26556496
26323462
26856920
27094860
27067833
27235395
26961068
26983965
26983958
26783565
26757055
26783675
26884059
26694777
27623556
27389475
27316087
27285535
27373623
27427035
27681185
27707813
27564135
27934479
27934073
17212894
27962777
27990794
27765900
27825366
27851605
27851093
28134388
28134457
28223376
28022388
28501270
23166443
28458977
28478765
28314922
28346009
28498232
28551795
28552837
28377020
28551613
28455032
28455078
21733117
28414136
28413561
28686027
20382826
28314738
28996195
18973064
28815761
22492929
28658364
22402443
28789274
28905446
29118218
29026251
17164038
22750288
29976378
20126065
19254463
22863231
6325269
6325270
6344240
6228806
6195866
6316732
6290254
6343619
6278042
1163955
6231835
1388987
1511899
1607998
1687894
1687893
1687897
1739896
2016498
2016506
2016456
2016455
2016468
2016481
12080546
3130826
3177068
3362716
3390902
3772206
3813606
3947758
4068505
4100770
4104938
4150055
4151901
4242078
3441365
4313676
4372602
3172968
4500324
4520816
4650474
4663222
4788117
4891421
4873003
4914013
5007538
5038611
5020382
5096791
5134953
5132808
5136763
5324522
5324523
5338160
5495545
5495546
3362717
5502585
5476205
5567208
5701255
5786399
5806842
5785978
5819161
5863260
5891942
5922657
5918994
6117149
6005638
6109709
6053558
6373431
6589251
6573409
6595645
6488103
6484821
6551592
6655467
6965083
6942857
6982153
6955196
6895249
7051048
6875418
6908995
7127315
6740365
6748052
7331857
7267333
7306965
7210977
7557503
7524308
7602743
7366849
5772095
7613334
6072153
7694369
7693372
7765920
7622475
7530363
7533691
7836112
7839397
7977886
8288156
8310170
8157190
8148721
6269055
8136757
8301976
8191352
8497081
8357459
8238463
8533187
8531379
8426317
8553663
8429049
8371641
8541193
8605841
8891102
8917509
8851809
8838303
14429829
8735197
8762358
14505028
14531126
8981415
8921644
9242176
8818724
9113028
9113030
9300873
8885913
9113703
9133607
9363106
9300735
9351027
8711418
9552808
9498100
9489499
9723726
9552744
10003960
10003749
9813932
9413983
9975560
9855613
9974674
9933855
9988012
9842642
8958222
7112475
9911907
9916530
9922092
9735520
9872487
10345165
10320006
10479921
10415257
10479864
10493122
10220888
10497893
10528103
10498660
10503399
10941288
10643491
11082730
10815871
8001165
10743661
10823280
10528127
10528129
11186036
11237934
11237935
10807321
10893371
11076574
11181249
10573757
10762927
11041331
10956961
11000224
11126494
9251869
10779917
10635385
11132352
11232352
10203813
10154872
10064163
10085932
10147715
10202887
11345819
11352836
11466415
11681167
11448157
11433345
11294236
10729940
11669537
11675041
11709361
11650211
11265128
7964780
11651259
11593899
11708379
11774305
11371655
11850895
11816123
11742325
11619832
11577510
11319797
11810895
11618924
11525106
12600677
11898326
11953710
12176848
12355712
12038423
12652586
11929621
12030308
12146856
11985404
12461038
12461234
12437858
12338708
12398508
11905021
12414723
12414727
12414735
12109271
12432099
12356020
12261968
12109334
12109335
12030017
12568980
12475921
12632799
12377234
12422863
12422864
12567506
12567913
12462380
12405995
12093931
12198630
12370637
13208709
12324410
12344730
13244731
12923979
13161699
13247575
12853757
12980693
12734342
12721312
13356607
13011876
13132651
8731108
9184154
12929139
13099729
12936551
12973042
13392586
13098978
14098149
14098150
13588941
14081987
14081992
14305806
13497749
14220385
11831382
13283847
13283851
13283862
13988403
13867873
13805994
13403087
13814882
13731251
13571873
11436966
13515372
13515377
13505526
11850894
13518568
13396437
14227334
14229282
14229286
14193603
13685404
13483528
11021910
13476391
13654479
13660540
11735245
11160093
14166135
13516815
14557158
14633304
14615221
14516814
14568830
14713507
14616403
14610819
14738771
14531407
15072167
15118639
14897777
14765432
14765433
14658588
15072168
15330228
15324063
15376182
15216110
14634707
15169611
15395908
15501881
15485874
15629710
15616806
15769580
12584774
15854811
15854803
15844613
15876947
15854805
15928669
16002060
10528123
15980949
16049133
15984061
16150559
16179803
16022015
16337998
16279470
16380046
14408905
16358700
16303678
16358689
16358693
12313534
16590226
16581036
10528121
10528111
10528117
16519368
13957857
16657411
16781954
16745078
14505027
14419988
13036283
17272518
17263786
16912797
14408903
17098612
17410875
17380329
17853915
17853913
17570275
17712800
17734893
17557622
17833307
17938189
17949132
17949133
1219973
17898364
18137487
18137435
15638591
15135646
18099894
17992341
18082525
18047361
18652018
15854812
18020835
18020280
18497770
18588129
18171385
18323808
18272617
18274474
18445306
18445392
15359704
18522420
18587395
19190612
19241632
18985494
19053743
18973861
19277410
19345430
19087439
18720222
18908362
18841517
18792684
18694526
19437292
19484427
19484616
19581928
19658607
19759022
19807458
19824788
19901847
19885107
19807896
19854035
19805754
19758903
20024334
19960781
20105993
20105994
20105995
20058192
20074188
20123807
19930547
17048796
20174710
20518251
20517728
20516456
20515773
20501082
20716898
20593302
20656372
20685741
20730772
20765221
20747432
16022012
20826161
20842309
21018137
20960873
20960874
20901224
17926608
20974656
21141620
21320625
21322009
21390723
13289152
21349260
21438746
21456038
21469928
21652295
21538968
21482214
21566891
21553417
17306965
15112391
18959623
21685194
21732997
21731095
21933387
21932234
21947183
21947358
22639850
22639852
22130643
22350428
22621714
22621285
22605079
22477362
22457730
22510428
22301947
22542917
22541698
22478160
22384352
22229663
22790214
18349454
22799911
22940758
23007756
23007679
23295487
23327899
23023981
23024542
23025316
22958557
22958562
22958574
19201768
23226188
23204969
23278405
23295836
23575574
23501016
23501199
23501217
23528594
23528595
20024333
24444621
23473220
23844025
23769424
23769418
23887741
23887013
23840298
23740579
23840689
24464840
24464839
23997322
23997230
23937766
24806470
24712363
24712215
24929909
19564619
24617834
24617836
24593061
25056065
25083948
25132856
24420806
15616807
25419154
25419383
24981460
25689391
25665282
25665783
25664872
25643872
25643877
25621040
25593114
25593055
25469817
25565519
25565520
25761679
25761686
25736742
25859244
25806794
25956770
26585757
26080547
26079229
26081204
26231661
25906154
25906169
26008788
26479020
27012904
27012905
26376064
26861133
26007560
25984356
25983932
26352209
26328027
26275308
26400415
26882503
26882709
27323372
27236566
27235396
26640871
26668199
27011951
26983957
26984214
26755582
27652969
27373154
27707931
27708505
27564401
27564338
27566197
27566007
27962849
27990941
24420811
27991832
27794933
27794465
27852764
28135611
19066651
28022387
27994001
28458978
28314923
28376474
28551512
28525236
28503000
28458245
28454970
28685934
3984436
28845018
28314740
28314737
28286889
28765085
28685358
24293567
28786998
28879032
29227136
24712364
19824203
17742694
23114339
23114358
22688418
31294516
16430033
31516792
6190797
6173334
6160169
6310720
6289396
6277145
1388993
1388988
1388982
1607996
1607994
1739891
1794582
10191790
1608000
12080591
2016494
2016505
2016491
3047772
3088313
2024521
3150959
1997651
12107264
3297888
3267703
3338391
2016488
3349084
3422683
3422684
3422685
3537982
3634075
3631861
3729657
3736142
3779379
3854802
3899569
4019199
4051105
3418548
4137411
4196306
4229044
4345578
4461564
4470834
4650472
4651525
4717767
4770370
4828148
4813314
4843870
4839222
4891422
4864293
4882794
4873002
4904656
4930297
5038610
5020383
5084394
5320936
5394644
5441878
5423857
5488500
5455692
5719800
5698120
5806841
5819164
5891941
6053575
6085045
6368443
6595730
6626390
6450451
6516849
6533520
6646832
6918814
6926964
6980362
6951437
6888311
7073766
7134888
7309590
7184033
7340348
7045727
7103701
7581261
7552909
7450553
7557573
7423722
7491060
6022426
7749435
7657102
7728534
7778362
7761280
7774713
7781484
7541881
7541884
7948508
7964124
5813788
7947968
7921560
7866425
7835765
8008820
7871724
7866175
7892386
7858930
7828140
8265884
8288155
8275158
8249574
8075802
8230059
8204416
8204861
8332343
8001167
8037970
8382846
8490578
8545319
8434342
8174115
8488922
8301975
8169916
8509493
8533244
8357861
7326605
8532976
8610316
8462071
8801424
8567437
8610005
8627790
8513814
8428535
8817987
8795026
8777015
8891328
8043134
7987519
8838302
8639710
8861055
8661299
8661596
8841726
8981325
8710595
8693861
8938890
9113029
8758276
9234450
8872040
8804593
9429726
9412648
9327078
9132953
9132397
9707398
9649494
9620268
9758014
9758016
9642018
9656658
9489486
9542094
9729147
9665597
9505145
9535900
9588598
9991917
10003962
10040524
8723807
9975573
9976202
9685101
9986943
9467396
9888756
9179684
10374798
10374883
9763347
9871924
9815196
9815197
10221082
9786796
10345166
10410228
10528094
10528145
10534859
10516105
10557909
10637494
10934770
11082731
11086392
10800614
10106543
10528113
10126459
11186031
11159590
11186037
11221852
10261188
11012683
10687905
11135855
11144823
10159898
10159899
10159900
10159626
10709506
10779916
11041162
10132219
10154870
10986519
10155326
10155327
11112018
10779425
11257389
10600558
11197746
10493149
11401885
11504520
11513252
11433544
11477889
11499123
11294028
10729939
11831383
11581982
11531538
11624100
11830636
11371654
11549972
11576677
11767272
11340616
11571360
11619831
11794318
11768187
11822636
11619176
11525110
12080346
12379441
12446535
11975949
12313911
12005332
12354393
11879421
12248362
11985541
11944057
12037420
12337488
11873284
12414729
12037932
12203190
12073949
12109331
12412410
12609480
12483242
12552200
12568982
12475923
12475925
12087192
12422868
12422861
12567504
12584185
12571595
12584698
12209045
12577766
12370638
11968471
13037096
13313126
13208667
12461793
12846377
10687907
13223140
13231153
13319129
12796078
13296517
12944747
12876081
11273164
13185481
12949947
12748505
12748517
12748518
13137154
12860535
12884198
13098212
13365125
13395733
13395734
13245793
11127112
13193097
13320494
13319935
12756887
13246729
12749108
14210436
12414731
13858673
13889575
13988712
13641531
13600378
13524050
13745707
13563830
11232388
13459421
13731253
13731256
13515368
13515369
11838582
13435802
13507250
11213800
13733631
13733771
14138044
14229285
13980576
14150035
14150036
13938193
13938196
13938199
13833912
13704164
11830635
10709479
13597611
14577183
14579975
14635810
14738766
14982371
14565477
15105122
14599073
14982173
14765428
14603285
15097352
14897527
15367997
15279687
15180585
15261221
15253438
15150796
15492703
15511190
15485260
15536539
15638589
15638590
15457933
15580809
15578933
15568156
15578954
15577246
15669137
15767492
15768140
15855983
15811258
15825727
15835886
15942208
15928671
15928670
15665382
16002546
16002120
12830008
16129486
16071553
16022013
16359097
16336937
16337997
16381610
16382439
16358694
16358691
16358698
16491298
16527440
16454416
16425396
16425397
16455308
16621938
16569413
16691838
16794104
16795198
16691835
16691833
16967098
16943749
16933214
16933217
17154397
17154399
17154396
17200633
17200743
17212643
17212895
17187193
17098613
13678306
13732064
17117624
17189441
17411996
17411167
17451523
17431765
17462100
17463010
17358518
17907155
14534389
17559994
17557623
17657252
17864342
17680613
17536965
17824562
17733068
17721340
17800081
1299950
17940023
17744620
15261397
17970753
17970781
15578156
18020104
18054089
18067621
18389590
18523085
18249041
18273844
18273434
18585260
18585262
18457882
15494950
18522307
18587396
19170181
19190960
19317894
19317899
19013125
19026753
19026754
19053739
19053742
19077458
18959709
15725926
19159282
19579049
19579048
19055199
18880306
16001557
18922397
18720681
18749836
18720438
18720439
16281853
19436029
19392247
19436956
19759021
19722649
19807457
19854918
19824202
15843369
19901846
19899846
19854513
19805752
20256787
20238828
20141311
16022253
17212897
20518250
16149560
20435470
20399861
20562266
20563536
20594900
20827438
20827439
20593095
20669997
20780516
20764230
20765217
20765220
20731884
21017823
17755151
16358699
20899895
15567133
16621937
21141588
21407049
21303786
21321042
21361925
21523742
21610430
21597144
21611184
21553418
21869717
21733115
21822716
21776185
21714498
21714499
21855600
21855599
21855598
21981427
22047873
22030241
22030066
22384068
22479509
15971157
22621284
22620695
17853914
22524541
22130642
22621763
22621286
22688417
22688419
18841521
22588273
22457732
22178481
22178758
22195379
19743159
22479959
22229540
22750076
22771362
22790204
23148742
23130910
22800446
22940614
23061406
22863230
22972401
23025319
23025317
22958575
22958576
22942215
22958553
23114351
23114359
23114377
23318703
15119692
23604689
23844024
23769422
23741139
23742016
23741204
24146470
24493026
23997231
24879952
20469151
24806799
24806469
24711590
25109239
24217330
20418353
24217334
24242582
25081190
25033318
25031831
25108517
25083956
25083951
24853371
24341112
24341113
24420807
25006032
25348626
25347058
25347278
25689562
25228858
25228856
25228857
25689395
25711593
25665787
25665434
25619787
25643880
25619786
25621039
25592809
25542438
25542437
25833693
25761680
25859239
25783293
26501554
25956769
26130787
26155785
26556767
26079091
25954858
25906168
25906177
25929822
25906161
25958813
25960282
26007557
26584119
26032277
26007483
26376068
26376066
26556492
26556494
26180196
26204514
26180197
26180199
27148292
26667253
26667254
27012113
26983956
26983959
26984181
26984215
26984213
26783672
26884061
26694890
26755584
26756574
26696484
27625274
27653879
27318222
27344888
27346333
27260775
27260454
27428380
27427241
27709256
27595243
27595559
27679712
27564286
27564359
27934042
15669134
21361888
23844023
28284540
27991794
17460888
27766050
27794708
27851095
27794464
28106504
28134960
28022389
28501269
28458890
28478856
28527142
28553428
28377021
28551360
28455033
28414174
28932313
28713425
28713241
28765088
29024486
29023864
26856463
22492928
23148800
28932536
28685359
28607438
21685743
28817624
22655642
29118217
28995828
29632996
25083954
22384333
25542055
22178482
6229407
6190214
6179018
6159589
6294098
6277986
1163951
6248191
1299947
1388984
8748935
2016497
2016490
2016482
11134503
2024529
1794577
3216012
3233659
3305838
2016509
3352037
12153730
3471533
2024530
3636696
3667385
2016477
3779377
3838009
3877578
3490256
3991212
4032002
4231597
4263575
4345579
4345580
4316669
4378207
4428161
4406794
4650473
4686327
4881216
4908398
4928703
4911244
5009092
5130282
5098712
5223655
4036404
5395435
5495603
5568387
5549174
5528373
5806840
5922658
5922660
5924412
6006529
6020916
5967827
6573408
6455266
6450301
6488037
6490002
6479110
6495869
6702744
7041576
6866150
6914478
6908996
7023724
7026934
6765230
7315010
5050110
7364042
7235377
7304623
7131464
7108428
7104089
7104090
7461537
7602431
7475908
7402719
7557912
7675712
7680606
7729131
7739636
7739481
7620458
7627868
7718009
7710654
7667932
7735723
7685861
7786031
7507689
7937492
7910252
7851749
7827971
8157057
8157055
8422039
8434739
8405589
8156659
8279341
8382741
8123260
8073655
8357860
8605351
8585068
8468728
8541092
8541093
6396110
8957745
8713995
8857159
8795054
6853160
8891327
8842197
7891271
8800093
8917402
14507061
14507153
8814188
8680833
14514917
14468706
9069148
9095841
8665449
8757651
8723805
8681587
9155234
6868017
6838039
7921997
9338063
9349367
9541064
9509698
9612713
9694400
9750865
9478917
9678416
9678460
9527545
9527433
9011381
9785318
9954580
10032250
9974640
9619420
9916476
9813083
10374796
9899468
9854263
9888718
9865922
9900337
10395593
10181305
10462581
10493117
10290425
10672455
10614571
10292431
10528085
10528087
10934768
11056410
11083214
11047769
9655619
10497544
10447781
10722608
11180200
10267469
8000039
10871851
10126597
11086398
9571612
10852974
10356709
11077692
11056223
10744624
10770615
11021722
11178304
11135145
11076573
10208093
10202339
11083255
10106790
11178479
11273163
11111700
11473951
11612634
11531568
11594335
11638898
11293990
11625062
11351765
11576678
11525111
11319551
11701205
11898122
12176847
12038427
12355179
11984602
12652788
12145092
12530949
12529867
11946910
11946913
12414736
11944828
12432100
11946609
12356023
12682125
12399059
11886264
12087191
12514641
12268124
12571594
12405996
12577765
12370639
12299509
12735873
13319809
12900083
13223243
13171525
13169743
13231152
13237601
12634713
10643629
12876750
13096355
13317080
12828945
12828946
12929138
12830009
13244883
13104921
13365126
10949219
13215417
12765801
14056993
14056995
12965043
13067337
13491935
13889576
13322035
13283845
13283849
13283852
13283857
13283861
13600377
13644803
13869630
13859303
14210437
14337394
14337396
13403083
13403089
11389599
13731252
13731254
13836051
13571586
14005128
13472764
13505525
13507249
11968476
14268360
13742779
13538719
13565076
13516230
14357146
14387666
13442814
13554422
13599603
13580165
13981290
13483530
13596477
13938197
13938194
13938200
14148871
11921201
12634712
14249283
14577182
14633305
14568829
14650485
14637793
14599071
15118638
14828183
15152032
15316196
15376180
15376178
15262380
15264336
15736337
15429631
15180584
15420396
15384222
15485261
15458767
15629702
15638592
15628599
15625690
15279068
15567134
15559240
15669136
15625339
15669132
15769583
15854808
15855589
14229281
12929140
13825824
16022252
16038839
16049132
16149343
16227655
16347580
16323311
16335231
16278690
16281852
16380152
16391977
16400688
16292498
10528132
16425225
16475731
16539644
16691837
16781953
16781955
16746959
16734682
16969029
17293971
13565015
14297768
17259279
14568828
16970271
16922402
16879461
17175323
17025894
17083666
17347200
17360259
17379010
17306967
15152037
17656119
17656120
17666379
17855170
17887603
15393881
17515709
1388990
17721432
15358274
17626876
18151082
18111629
17991692
17981921
14665138
18082471
18082938
17994138
18020105
18574557
18652166
18323730
18601205
18485111
18458158
18433305
18446122
19170182
19240904
19053740
19053745
13965589
19240580
19290804
18972732
19055198
19087459
18892773
18892772
18880456
18750010
18721375
18841647
15511191
18749837
19423165
19470768
19578922
19485693
19658610
14535598
19706923
19789799
20040685
20336690
20336691
20074278
22747398
20123264
20023252
20126064
20274857
20336381
20336895
20356214
20435933
20532719
20454228
20418354
20640128
20656370
12746954
20766062
20825455
20825536
20960876
21109770
22478106
16769643
20795489
21096025
20901226
20899311
20899310
21050480
21124363
21156919
21200941
21217176
21273245
12634709
21455660
21652296
21639313
21481067
21539655
21538676
17898169
21806551
21805001
21822413
21733024
21731917
21822714
21731080
21732306
21685744
21869714
21965011
22047928
22049749
21049058
21932233
21886053
22384021
22437494
22524580
22212572
22621076
22588272
22457468
22130150
22283062
22299436
22178483
22178759
22574297
17949085
18721452
22492930
22492931
22750471
22756841
22940613
23061403
23061404
23294342
23294358
23295490
23242790
23243109
22972420
22974120
22958577
23114355
23114382
23114385
23114365
23114372
23114379
23114384
23114383
23114390
23114349
23226187
23205195
23185514
23307866
20669996
23501015
23501197
23501198
23528125
23608345
24425781
23769421
23890216
23886534
23887742
18067620
24468784
23997326
23994631
23937764
24808154
24712216
24118109
24217331
24217329
17143403
24217332
24193581
24193580
24293568
24618111
24617835
24617895
24241531
25108356
24854011
24395243
24418636
24418527
25419382
24518108
24518163
24494228
24981459
25346291
25203355
25226214
25226353
25228855
25298943
25589387
25643874
25619788
25619354
25593175
25619353
25542093
25565365
25468551
25468550
25565059
25834426
25761678
25736745
25859242
25859243
25834183
26556768
26081373
26231325
25906166
25982710
25960280
24293566
26478446
26479035
26032273
26054779
25984357
26299435
26376065
26556493
26556445
26507386
26857423
27040344
27094859
26640712
26640689
26667467
26986176
26783566
26783568
26783564
26783567
26757898
26755281
26696483
26694652
27623687
19882464
18782178
27346330
27260466
27427054
27400831
27564336
18694836
21361692
27962778
27881853
24420810
27991172
27851817
27851057
27735228
27852185
28106349
28108467
28134456
28135140
21273982
28165961
28021795
18496813
28478857
28314921
28314924
28551799
28377019
28455265
28456008
28455266
28455267
28414132
28684880
28286891
28713413
28864020
23114345
28996194
29024484
28932535
28963049
22299463
25565343
24619621
22958578
23742496
21806793
21050479
23679576
6230496
6217406
6173333
6177186
6277989
6252564
892019
1388999
1388989
1388983
1687896
3029295
1739893
2016507
2016483
2024531
2024528
2024523
3139423
3173278
3214853
3208113
3288308
3283044
10356050
3339332
3354361
3362714
3400509
3437813
3443942
3514579
3510402
3603849
3790774
3798194
3897098
4031603
4183288
4231598
4229043
4292071
4350700
4376042
4428350
4411865
4398637
4461563
4650471
4756250
4788115
4828147
4834771
4881217
4938266
4970200
4939090
5053641
5020379
5188218
3852658
5373503
5496634
5567422
5528372
5558672
5598498
5612284
5615359
5662872
5755504
5739998
5764306
5915031
5922155
6151600
6072154
6087682
6036349
6576018
6483438
6488183
6655469
6694368
6650121
6965123
6910340
4398638
6862869
7100616
6893733
6816114
6990994
7261209
7254181
7171480
7200190
7239347
7045747
7503765
7538715
7602430
7497621
7481931
7430842
7462073
7366847
7366848
7354049
7749427
7778363
7764494
7517578
7993198
8323837
8101891
8421446
8566260
8488817
8488135
8518148
8739806
8368161
8371278
8575592
8829050
8917508
8794411
9022755
8897849
9015930
14489283
8644027
14417518
14420722
14420723
8947778
14465079
14531123
14512536
14468705
8947176
8947177
9312876
8008818
9021634
7114931
8681069
8681070
8681340
8972826
6286254
7500221
9326369
9325857
9178091
9394559
9654730
9717163
9641516
9758015
9644983
9705715
9723722
9473738
9571208
10003961
9917445
8695197
9429070
9411569
10002887
9954781
9877967
10043788
9900684
10192001
10192002
10221116
10356049
10474883
10379375
10181363
10380828
10327179
10424746
10314123
10461152
10479863
10680222
11022631
11022633
11092777
11027327
10557908
10934769
11083215
11086389
11086391
10892196
10444510
10864806
10864823
10528110
10528128
10528131
11014904
10226541
10231607
11186030
11159591
11159592
10470815
10852973
10509875
10687906
10687908
11041876
11000225
11178305
10694024
10203814
10154871
10986518
11105423
10174323
10174324
10064162
10064381
11112017
11220888
10603058
11040723
11100543
11466419
11404211
11442122
11477890
11499124
11476798
11473950
11294029
9678437
11099961
11675043
11675044
11537999
11556765
11599478
11325325
11708370
11530635
11264782
11599107
11351764
11802535
11794233
11768188
12124997
12124998
12038424
12038425
11953708
12652787
12314143
12461037
11946912
12414733
12414737
12414738
12109270
12293484
11251530
10557911
12235226
12422865
12247932
12405997
12584748
12877266
12922577
12648831
12950395
13185480
12980694
12721311
13356642
13019563
12728702
13244882
13198463
13098362
13192921
13097894
13104920
13377801
13384290
13348610
12734837
14056996
13857686
13759764
13065630
12972618
14081994
13491936
13732502
9807677
14130171
12973721
13283848
13341781
11121439
13745914
13992258
11946911
13731260
13859705
14355871
13836054
13571753
13515366
13473225
13595333
11309109
9472078
10132268
13742777
14346528
14543413
13483529
14232783
13660550
13986869
13932102
14297216
14649925
14615222
14662268
14579974
14661864
14531406
14635609
14641159
14641160
14667563
15072165
14765429
14686851
14739428
15097270
14852562
15324062
15376179
15359705
15279689
15196185
15316195
15529560
15430153
15087809
15234145
15577841
15615999
15605276
15676321
15567135
15559242
15658606
15558652
15769578
15674133
15865282
15854806
15835224
15940314
15970064
13449613
13036060
16149559
16128245
16023615
16022014
16359276
16349001
16225264
16279814
16391944
14557157
16393682
16393683
16358690
16358701
16493318
10528115
10528105
16446914
16425169
16454135
16485082
16559340
15501880
16781958
16745895
17263787
17259261
17011803
17023793
16933216
17048794
17177079
17142549
17037036
17389343
17460867
17306963
17306969
17731986
17570274
17734891
17557222
17537401
17961748
15769579
17626878
17594223
18098991
18099895
14577026
13305586
18035677
15559241
17992320
18020834
18003367
18508778
18588130
18247293
18336742
18585265
18585266
18510264
18161636
18274473
18446136
18522007
18523744
19127616
19190761
19229465
19304232
19026755
19303992
19290795
19579826
19055197
19391253
18880606
18880305
18880997
18721378
18749791
18721374
18855750
18694527
18681619
19521119
19423167
19392249
19564618
19674506
19658608
19825259
19824204
19824801
19840004
19805751
19805753
19961346
20320098
20123263
20023253
20261041
20454227
20515768
20515848
20716896
20716897
20730626
20731439
21125335
20929990
20930551
21018536
21110121
15502711
16519367
20958761
20901222
20945977
21080694
21408693
21199962
21201142
21254364
21321044
21273246
21455659
21653447
21480734
21481034
18843159
17024598
21869645
21731118
21732524
21964557
21776184
21806792
21806794
21981862
16667799
21840287
22402669
17263785
22620693
22620694
22622448
22438361
22457467
22130299
22747158
22301976
22558302
22178760
22478359
22478360
22402129
22229661
22229662
22749906
22771363
22849183
22740532
23388108
22800445
23294160
23243107
23243112
23327897
23243108
22863255
22972400
22990122
23025318
23025320
22958561
22958573
22958563
22958568
22942312
23114337
23114340
23114344
23114353
23114360
23383181
23112647
17824563
19502980
23205222
23204720
23278459
23339751
23307870
23307868
23575573
23604376
23501215
23473219
23473776
23885983
23885984
23742015
23819030
24493023
23997228
23968637
24806981
24711589
24069544
24217333
24217335
24216806
19775318
25081139
25083952
25106816
24341114
24341115
24518162
25347279
25133740
25134001
20625097
25227558
25226348
25689394
25667076
25665786
25665782
25643875
25565366
25542010
25542081
26417350
25643152
25956978
26130790
26205267
26584345
26081254
26205933
26877908
25883440
25906244
25960278
25960279
25958694
26452636
27012902
26032275
26424479
26424804
26400464
26204450
26832899
27040343
27094858
27121471
27209588
27235397
26667468
26667469
26959843
26984180
27011160
26960956
26935729
26757868
26783671
26759436
26755631
26694883
27316086
27427412
27483114
27709557
27707683
27934072
21481942
17212896
27485264
21869999
27851059
28134575
28051127
28165963
28021770
28022390
28633717
28633718
28501235
28458891
28458892
28458717
28478767
28501551
28553646
28551394
28412556
20173013
28283402
28314742
28314736
28713240
22958565
28932537
28963136
19674512
21963811
28879033
22812502
20469101
30190130
30190126
21321043
19658609
25441700
21732707
