29270
29422
32367
53073
53237
48935
32673
42470
99588
30763
21533
35542
103121
101759
99443
49377
13453
100567
100328
70855
75708
126821
133496
123172
133508
132913
100554
70089
126912
75784
41475
127174
130250
122155
99529
75931
76582
120557
116468
133629
136229
46987
110702
121429
110918
117232
47099
104191
113832
103961
126348
103968
104208
123928
75977
75979
107257
127639
157711
160989
164264
157738
136296
157980
157379
130915
100384
127698
133000
75591
75592
117801
71092
97095
137754
137198
97104
151777
171188
127924
164572
104595
97156
127970
171203
105006
167984
148002
104675
135161
76096
124667
75656
104689
145355
100030
157872
152070
114880
135662
124751
145380
100079
148497
161664
138422
125125
151925
125129
97341
112237
128595
165247
115428
145865
204909
161701
118770
75434
161851
165198
135752
161867
135757
142363
119333
152368
171382
152616
138760
135991
136000
119370
155093
158777
119616
145479
105792
152014
205418
205426
205428
168644
145725
135521
126524
149442
158820
205005
112861
165855
105564
112456
119204
119207
119218
112488
112495
122793
169205
139431
122806
202131
135603
158954
105950
146035
122640
148790
153445
153448
202386
139505
142997
155796
146062
143001
142778
152564
158992
152566
116697
117363
169565
143316
109528
143322
143343
146330
162960
139295
139298
109801
139303
110093
205231
113860
205574
200600
179072
169865
109914
154061
153583
153584
169879
163350
110650
159425
139347
205257
143725
143726
143748
143755
143757
150069
156475
143762
170309
139394
146658
174399
160922
147568
183103
163473
147571
202298
125412
200716
154373
147044
143828
154379
170608
147619
200731
129476
143516
201042
140212
129501
140217
140221
174465
157489
137320
157522
183235
151189
160747
163758
163770
150927
151327
187653
200902
174468
151362
144458
183501
176312
173027
176331
172850
172860
183543
172675
147739
176640
176505
183586
180487
172968
104940
172978
180747
186460
184051
166992
184865
173001
184744
238449
231082
184776
184843
183771
173509
183773
231493
124390
185088
184458
172426
174024
187217
124528
235509
228293
237883
236074
185257
236424
181530
227335
154968
185465
147471
178519
154538
185665
204468
171856
186075
185497
175415
144138
268019
221321
214169
248339
266518
232554
211312
302434
248934
248937
236990
302231
271379
221781
271390
267911
296077
237427
302082
296024
300466
221625
304307
302112
245793
215089
218171
208326
231861
208209
302346
234986
221684
268651
261727
299812
268251
299819
270480
215327
259111
253054
262031
269000
236662
212398
299962
268500
303060
269048
250274
253777
215831
300206
225222
225226
222707
205632
306360
212579
216085
222743
208946
247087
303906
256355
219205
254339
272672
253954
273335
273338
303405
266258
241120
241121
243268
219447
253531
259697
291147
209016
227330
243276
251323
266678
251362
254644
205770
291502
216206
239191
220927
303463
291656
260815
236384
260819
205787
250586
286585
216021
248272
259596
254779
291624
266342
240050
251680
241920
276004
336028
272825
340123
340022
279787
209897
336547
213188
283774
283988
287572
327755
341038
274487
331510
284518
284523
284526
336810
284093
284530
274576
341105
327837
331581
328008
288504
331907
275297
288602
293478
205967
324758
275550
269581
267019
275556
306981
233028
206004
229387
230457
275229
239252
213280
213281
227680
209847
257001
243460
297630
216515
297849
275683
335599
335604
297684
275509
291021
229465
223983
213318
263678
270060
247637
270325
332260
255093
339571
273912
275933
233569
206862
287052
239462
232839
241000
213947
241019
213964
247717
325869
247947
244876
229757
220559
325709
217249
210136
210530
217481
270870
220788
220604
298037
244517
264599
213825
319716
294876
312808
323291
210633
336312
329181
214310
251912
360069
257701
232691
230201
276544
312315
337507
330068
181473
333816
290517
326597
276828
362952
320656
334034
325133
337865
325260
334830
301584
300650
312124
338169
280492
329536
305384
290327
339380
290465
277451
277480
282123
278547
353236
326877
318158
339460
282195
318254
316798
277389
317453
324029
358450
362143
318560
314827
359524
361991
318620
314120
314940
320268
362087
359639
344465
353305
360165
344500
356961
319095
324313
360237
311437
292736
360841
360871
305053
281026
311047
358122
322597
349631
349638
358154
358182
323736
349860
349862
310314
292724
352997
312437
296803
311907
348442
312468
356040
347977
314324
314338
353064
276470
289173
289177
356169
307414
296996
350377
353889
361094
343331
348602
282196
348610
301496
382072
352491
350839
382929
382931
382165
382632
344695
322009
382414
383193
383486
382689
382697
384598
309163
347353
383355
384838
384850
384851
384982
384992
347535
341809
341828
355464
384519
381938
380546
380727
509735
341905
380771
506683
503787
510185
380901
510046
509173
502597
501688
541095
537901
540954
528143
544185
504766
537739
531461
505955
502372
537987
504675
503229
502274
502275
538055
531593
514771
532209
518275
514789
539154
535671
541534
518298
515218
538744
528594
528614
529014
511561
522344
515123
532739
532742
542541
521353
564750
572838
577074
573346
573595
577537
577472
569776
573682
577566
556585
292989
362092
568255
313958
569889
566620
312291
566247
576611
594710
604249
574377
562989
575914
519714
552834
596074
520990
510849
546007
525292
549415
526165
590243
517907
572748
540777
612211
560790
568045
544911
571204
610627
571205
562346
545741
519727
540813
550620
544014
570538
549518
565859
560667
545994
546008
575580
511499
565900
559328
567165
518020
544689
597407
537603
575646
520346
521684
598422
577012
532933
514221
547133
574510
554110
546772
611504
570824
549166
518001
512249
529328
512256
543381
549240
517268
521906
572485
356338
570878
602651
589917
530808
576287
554507
551178
559098
558108
546744
554533
549924
255674
561260
570334
319285
547957
537641
511287
611244
553443
576504
567463
514666
526863
563889
542587
574354
555574
571137
318091
554680
566526
567553
604305
555637
530023
553128
343581
599304
520199
602993
555710
599330
546476
554283
512142
343620
606786
573939
549673
601208
537808
516775
599845
316529
523793
520854
606790
343703
609793
599323
605358
605811
322380
577893
608362
547405
510944
551824
604103
539962
534333
516407
611001
607468
546214
523160
609672
546236
596372
520036
551616
566881
594120
574686
536724
536724
600512
539620
530241
514481
584695
591624
588375
567927
567928
584988
588452
575879
588477
600275
578457
588718
581051
595213
561111
585743
644926
595265
588840
638075
514114
585147
590322
582313
588610
601558
593054
582445
641735
631605
638738
589078
645240
579711
638979
635136
638797
604653
601642
592758
632070
580414
593719
580459
641872
610592
590816
639297
610626
592862
583264
645731
645759
605975
635928
632834
598210
583876
642544
584640
645916
584677
615807
619423
583182
629110
583189
633024
616114
587074
579916
640145
612656
580141
593459
619544
616568
616972
620863
625134
626083
626129
621877
626573
626619
622683
579987
613565
580215
636410
587224
613781
643299
636425
644059
619977
637185
627057
587434
591063
614232
612906
620074
627907
633274
637239
580760
633285
627498
614479
630599
618551
640919
612989
612990
637604
641100
620231
624089
633953
640472
644228
618777
671938
620297
643773
634263
634466
623224
614978
679115
631082
638145
627704
666259
623435
627660
629349
663644
618729
623488
627743
678672
629361
635174
618753
707099
668477
711956
703653
684796
684874
693757
685406
685194
688940
689298
693918
646269
657378
696254
702839
707351
699389
713005
658801
687558
705846
678799
655417
647553
696302
711643
705426
703516
712668
705481
663604
657108
698002
668129
701019
676992
661646
682976
647663
705585
661724
659664
696011
663006
666425
700678
705052
705218
700734
650613
672554
697327
696131
655279
668420
672357
705305
672703
669843
676559
676591
668606
668628
669450
669455
669501
709112
711122
694447
683113
692537
683187
694276
681514
706867
691234
734507
734787
734875
736555
741085
737065
721680
714929
714963
715194
729130
718743
722448
768495
701271
674065
669917
657613
678438
661818
665346
677929
673644
662307
674130
677872
654407
650205
677681
659518
673828
760346
810387
810591
760354
769960
756905
807607
800493
769979
807225
763733
804372
802347
804416
804422
800784
646203
754343
750513
754365
802411
760892
812376
814397
766804
750697
771929
770107
806095
654828
654829
770116
811155
770757
761200
813736
814243
811092
767304
767336
751041
811497
761052
808460
758372
754917
704438
648500
811530
651242
801953
809227
793451
656314
808823
767234
811935
798996
758734
704641
810142
814859
810386
761787
790269
778929
771327
692667
765926
770996
762251
647228
707605
683579
799284
790560
815305
759217
687669
687671
687677
795038
771447
647866
798187
646546
802721
794094
656517
759571
686223
694540
692384
697016
695066
799648
756560
798258
701520
809752
759365
684475
812946
703977
800109
803137
800132
775228
784893
765872
711087
800639
692061
763167
691692
661155
703146
750305
840080
653173
840461
844920
775436
836818
691797
787320
791265
838833
833401
836874
682262
682045
697530
695163
682063
797084
787387
797087
840777
786616
710349
775540
786658
688678
712538
849445
785698
797347
841256
695373
846074
844491
688184
837610
690278
784476
784348
784480
682551
843154
779407
779227
786367
703267
682584
779235
834591
834599
837924
843207
834421
841417
834442
784438
779470
786206
786459
795657
846216
779315
790806
788309
843324
792289
792119
820909
817251
690643
788593
790235
846305
838219
845342
838625
846308
846310
824405
818698
824413
796109
842006
818753
839097
818503
831921
871210
839343
796200
848665
842410
842411
792856
818604
832016
825003
796011
870009
835785
792664
832929
796412
832054
825044
822718
848743
832223
842523
881408
836488
792983
846030
871670
877986
842800
832285
818317
819074
843644
846420
829182
822283
881279
868300
878072
836300
832400
851992
868501
862497
878446
862254
868524
875473
868372
852062
819470
819427
855400
832559
855807
911885
859143
868775
882391
908447
869576
816556
863569
852645
826608
866630
882497
856750
816894
852864
872791
826672
875907
826907
826684
869139
876518
872671
856547
863445
876554
912414
864166
863250
850201
866778
863743
905901
909570
869451
903447
850324
912861
850343
906127
864078
902690
876893
899574
866912
850859
880518
857653
915682
906379
864747
861473
906394
886432
854402
854730
899794
876966
903603
854771
867330
851375
896165
886492
857832
906658
851513
903822
913391
896403
917173
870684
886738
906539
870476
913474
874219
896309
874222
946033
867500
946093
886996
943226
889769
907069
910726
946127
943071
910589
911704
949331
950022
943127
900632
908263
896823
883753
949574
887088
910826
946369
890641
950248
943157
900363
943397
937001
904582
920241
914691
908593
950326
897522
920389
915051
894336
915091
914881
891317
734098
944139
691331
894968
746410
944398
746456
897612
950851
894623
894632
950873
937799
937751
934481
898558
920940
950598
941186
921117
747638
885237
734335
944743
941263
734413
769005
769367
705781
706597
687776
683840
777861
773121
769104
777452
769914
692185
772344
777428
726102
931294
918514
737668
714808
648305
923009
922312
725686
918653
729614
676145
922590
772922
769702
673519
729732
780665
780465
727190
672403
972216
926034
661136
716505
670458
661166
972808
736037
745391
727244
769790
729440
932729
670537
723431
769865
984884
976105
724334
721358
667271
973069
769460
725985
932804
731122
719695
769489
719701
982854
979531
723656
674536
768091
674538
720858
679821
717783
969822
774065
979574
717802
740995
919213
972705
972706
919410
967114
727801
659310
727039
737306
768470
866126
723291
979688
926616
744031
727121
979708
928071
723369
954227
732715
928105
778073
745495
930551
973576
816203
923613
983166
973015
714344
983182
954156
781602
969982
952636
778152
721986
970550
930237
974398
921588
743659
954390
927623
924738
769001
936035
948862
935257
939489
921568
939204
936095
936215
920098
997002
933778
993957
997178
1001353
1010069
966129
1010342
965963
1008866
965968
997070
1010869
1011125
1011610
987429
992728
992731
1041380
1048467
1011172
1001284
1042677
716882
1038551
1038611
1042407
1072191
1038595
1024228
1078093
1072993
1056830
1064859
1060010
1060791
1060969
1064693
1060876
1056683
1056090
1056934
1060451
1064968
1106698
1106704
776581
1083782
1087428
1057506
1051007
1083801
1083802
1087881
1083811
1058034
1104501
1104002
1059521
775768
1096489
1103292
1095514
1104030
1058603
1050582
648239
780794
1091403
780797
1087239
1106794
1104325
1057588
1087253
1103819
1104825
927249
777913
983760
1098369
983766
777952
975561
972151
1087601
1104886
664967
1061171
1106662
765479
1054467
1096663
981955
1102699
983770
1101951
769009
1096679
1107238
1083958
1101979
1055254
1053532
769105
1083987
931545
1108966
1062119
1109289
1101646
1062338
1049364
1109821
1102837
1107379
1107514
1062666
1110578
1061657
1049410
1049413
1108636
952206
1102140
1111207
968185
1097693
928314
1084180
1088218
1080718
958533
1081213
969005
1091564
1098510
1059405
1062709
1097114
1061760
1061787
1061788
1098624
1082001
970812
1088621
1063238
954891
1112164
1112167
1080913
1081612
1091684
1063306
975080
962860
1092438
1102454
1081647
1092456
1081687
1054436
918234
1058200
973675
1102524
1051444
1101814
1092020
1102537
930736
1142733
1092538
1143073
1143541
1143080
959057
1099414
964151
1085576
958320
1130708
1097307
1130744
959101
1102617
1130792
1110999
1131583
959140
962625
1130924
1082886
738874
731136
741561
1135720
1007147
1004904
1007086
733482
1134852
1135153
1135891
1089172
1139209
1139225
1083177
739477
1086703
1086707
993450
1030109
1078573
1065566
1077865
717184
1043040
929908
982341
1067570
1067807
990960
987594
958222
1017479
1017493
991842
953085
993631
1041491
1023823
1041502
998865
942101
1045520
980688
1023911
989145
933295
1000143
993227
1043320
957404
998388
995179
776205
997956
1007534
1043259
1007545
993289
933429
925206
1045216
942270
974298
1003197
1043308
1003203
942664
977733
999775
1072342
925328
999427
984771
929500
1041353
1013738
1004003
1047165
962086
997752
1038958
999100
1029163
1023180
938839
1032428
987126
1032990
1035613
938133
976997
938156
935743
1007348
1037815
1000511
1078349
1000532
1005199
1004140
966459
1014687
1010520
1036741
1069336
1005832
1002957
981118
996750
991235
1001804
929746
729994
1024674
1047815
1042692
996834
1045316
892468
888869
1038024
1036646
949008
1006965
1002412
1031597
1021231
1048882
967964
739763
1032692
1076834
1077756
951086
970799
895701
970814
1040717
951133
1039779
743801
998131
1043095
1077830
1046523
1015775
993504
1066195
1073819
853200
996978
986082
1021413
1029956
957482
1070216
993710
958049
1013428
958188
1002816
1025338
955029
1016058
1028634
1073383
995864
1008699
742335
908037
1026604
952166
952958
1017767
952240
952304
1029436
1033212
1045765
1035283
1030395
960964
1035357
1022847
1027062
948410
1048141
895413
961886
999601
949446
981788
895663
932965
1031912
1041078
1074012
1067282
1074067
1067165
1072054
1068786
1080023
1080052
1066815
1080071
892236
1065812
1066882
1075750
1050103
1065923
1055805
1070772
1068556
1055880
1079736
1069788
1060406
1063141
1054174
1076611
1066617
1053237
1059817
1057970
1099669
1079492
1080239
1068280
1086885
1079597
1078659
1057344
1092745
1063096
1077269
1089365
1078250
1089888
1138559
1092970
1093522
1090114
1093723
1093118
1093555
1061415
1132686
1050011
1138716
1093255
1094142
1123516
1136307
1134158
1122785
1133808
1136348
1136883
1136899
1090977
1139995
1138964
1124100
1138995
1140773
1141948
1141122
1139162
1128950
1086811
1139238
1128746
1128499
1139284
1128213
1143362
1129493
1129547
1129303
1129550
1090768
1139464
1125841
1124154
1124660
1118710
1118719
1130286
1122912
1122916
1112691
1130524
1130350
1126574
1170846
1163554
1126662
1126684
1134459
1171126
1114515
1174462
1174027
1163671
1174054
1112985
1171369
1113206
1127026
1173841
1114651
1159696
1114687
1113984
1137640
1175162
1118273
1162943
1127344
1127347
1162743
1112896
1113572
1167656
1112920
1141227
1116691
1160123
1160135
1141271
1163109
1162660
1172039
1114992
1163951
1163958
1122282
1114167
1166738
1117067
1115299
1117080
1115551
1163928
1122432
1122685
1164157
1126252
1172265
1115385
1115386
1170715
1172826
1120489
1173553
1119007
1120993
1172864
1119481
1119495
1121189
1164605
1120085
1161264
1119615
1120900
1121897
1120125
1161731
1161015
1120927
1124472
1122060
1124731
929912
1122980
1123485
1124010
1012803
1012937
1168516
1049050
1168531
1017984
1019274
1019279
1168559
1023591
960658
1162115
1037034
1172236
1165632
1165653
1158351
1156238
1156741
1147304
1156065
1173201
1155354
1150415
1156840
1155403
1173262
1156915
1151224
1154343
1151096
1157000
1159096
1144841
1157013
1144121
1144625
1157305
1145179
1145180
1158039
1201530
1148557
1157805
1201543
1157661
1158068
1145247
1148110
1173513
1149062
1149094
1147624
1145513
1149173
1205262
1150826
1205542
1152301
1205301
1152589
1152814
1152831
1149240
1205574
1152114
1150890
1149315
1202503
1202283
1153205
1153224
1150174
1202172
1203146
1205768
1191997
1206298
1191493
1206602
1203754
1191828
1196496
1194965
1194284
1175658
1189937
1178968
1191681
1178008
1195438
1195248
1180508
1204249
1180285
1194849
1179350
1204319
1177886
1178635
1178639
1195537
1183209
1184450
1193245
1192257
1192258
1183484
1182010
1179865
1193308
1182539
1195183
1182822
1195880
1204394
1193661
1193156
1187948
1196949
1187480
1181035
1200014
1186530
1186056
1186061
1199196
1199779
1181115
1188101
1186622
1197657
1188126
1198341
1186933
1187166
1198373
1175214
1175219
1192902
1182309
1175334
1175335
1183937
1185118
1199628
1184891
1201077
1199151
1201111
1222909
1223908
1201138
1227747
1189040
1229005
1189050
1213430
1228301
1226957
1229027
1188860
1226133
1226147
1229094
1230707
1230009
1232707
1231492
1232729
1231204
1231205
1221212
1221231
1232279
1185255
1200713
1235952
1234011
1234027
1234039
1233570
1227173
1233684
1185505
1222944
1218169
1221470
1238025
1221475
1224981
1223443
1223768
1232038
1223790
1237617
1222084
1231113
1237647
1223533
1215408
1213301
1218381
1225141
1218401
1232100
1213379
1223648
1219973
1219974
1190591
1185687
1210001
1219997
1217174
1220253
1220497
1260911
1219788
1220528
1219573
1220324
1221628
1218929
1219297
1207723
1235774
1207306
1235813
1208070
1207374
1208595
1189594
1208385
1189620
1210951
1177484
1210962
1210968
1211693
1209698
1211225
1233362
1211050
1209723
1212844
1233051
1256810
1213171
1216737
1236804
1210483
1223200
1215314
1216565
1214868
1269061
1268775
1216356
1261911
1268571
1209675
1263410
1266200
1265488
1224336
1213464
1213479
1213482
1210599
1267058
1266582
1266601
1237344
1236979
1269189
1257638
1267154
1256972
1254219
1267960
1254257
1263251
1255268
1269334
1255062
1213644
1256006
1257217
1261572
1254635
1255792
1255365
1255617
1267797
1237123
1255404
1240992
1237153
1241721
1253415
1253419
1241735
1253422
1253423
1259497
1259692
1242236
1241525
1258568
1258350
1258115
1259751
1241833
1258618
1258881
1269443
1242169
1260969
1242344
1256504
1262300
1263544
1262109
1263559
1269517
1240891
1256550
1242423
1239424
1246637
1246218
1243986
1288203
1300425
1288690
1249810
1246277
1250066
1288296
1250537
1246715
1288835
1247230
1247502
1247528
1253760
1292438
1238708
1257697
1249527
1257752
1251013
1289463
1289473
1252029
1296222
1251601
1252789
1296491
1251111
1248955
1251391
1289146
1296140
1296355
1299947
1299948
1299949
1299950
1239789
1240279
1264225
1300230
1264266
1249230
1300264
1286179
1248826
1239364
1286428
1293407
1239402
1287169
1293628
1290724
1300350
1248595
1296964
1291202
1250801
1290782
1297236
1297039
1297064
1290006
1291987
1291991
1296853
1290892
1291834
1294253
1297406
1294522
1295011
1252450
1295248
1285740
1295263
1294585
1294593
1300841
1261839
1276911
1276934
1280938
1280704
1280967
1298988
1298792
1299463
1298609
1293869
1281452
1298915
1281522
1240571
1285450
1240577
1284981
1299655
1281429
1280352
1281805
1287071
1286822
1281619
1286872
1278187
1273192
1273230
1282514
1294002
1276371
1283457
1284458
1282260
1284817
1294043
1283610
1269757
1327787
1283434
1270280
1327996
1276988
1271073
1283942
1271539
1331735
1271356
1274693
1271620
1270060
1283852
1328126
1275491
1275055
1284678
1275075
1328574
1331658
1328816
1275808
1328155
1270504
1328664
1328860
1275186
1328361
1320062
1278997
1332248
1272587
1332047
1272032
1329956
1329716
1324010
1274095
1322728
1329333
1273835
1276464
1330484
1270675
1273848
1276782
1330307
1276800
1331247
1330714
1276807
1327419
1329902
1322852
1318201
1317761
1324983
1330836
1274545
1317774
1325009
1317843
1321426
1317856
1319063
1331365
1325502
1319478
1319288
1286402
1319306
1303950
1304464
1319644
1276168
1304296
1323047
1323241
1326188
1304382
1278514
1305764
1303917
1279978
1302159
1326264
1304034
1307736
1280059
1326553
1320865
1305072
1324540
1324541
1305992
1306240
1321983
1327343
1327349
1312250
1309419
1307001
1307014
1322041
1322050
1308942
1307505
1307091
1308119
1302937
1307132
1310234
1310286
1312896
1313851
1313429
1316525
1311252
1311033
1311961
1301941
1316588
1311126
1312077
1355329
1306895
1363913
1352019
1314360
1314374
1309101
1310113
1352142
1315527
1313447
1352589
1309159
1352876
1315425
1303443
1352909
1353119
1356940
1356347
1353584
1359967
1353620
1357107
1359984
1353641
1354310
1316280
1354517
1313618
1359835
1339419
1354559
1354564
1360076
1353769
1354429
1343214
1353788
1313657
1357464
1360333
1354911
1355118
1363726
1364011
1363727
1310822
1301725
1310851
1358503
1301742
1339683
1353884
1357555
1347286
1357298
1361987
1349095
1362013
1362015
1347573
1362217
1343758
1362459
1344206
1362135
1335216
1344692
1335220
1359478
1359520
1344536
1343483
1359536
1344564
1344566
1359553
1335313
1344179
1362660
1362666
1362680
1350743
1348506
1339246
1359664
1343629
1348318
1339291
1335954
1332837
1342162
1345458
1336458
1333158
1345811
1363617
1336118
1337021
1346316
1339987
1340007
1340008
1347101
1340249
1346406
1337137
1340275
1363248
1334444
1340460
1340462
1340716
1340978
1334506
1333427
1349473
1394216
1394219
1340569
1340827
1340836
1349939
1335766
1334436
1394329
1390538
1394363
1349507
1349514
1350023
1390875
1349538
1390894
1333444
1341190
1338120
1394698
1338396
1338398
1382787
1334703
1382823
1342023
1342265
1395061
1342376
1395607
1392469
1333567
1386901
1392387
1333865
1339739
1383616
1392842
1393509
1339823
1381214
1393427
1387544
1381276
1381069
1393962
1387594
1381768
1388495
1394001
1387839
1388600
1367009
1381931
1385244
1385307
1367306
1385320
1393561
1384930
1385398
1380424
1388982
1388983
1388988
1388991
1386350
1394169
1389000
1389017
1366832
1366844
1338790
1379930
1381583
1381611
1367977
1368206
1390339
1382621
1371302
1390399
1370703
1375481
1368754
1368348
1338982
1375785
1384353
1369026
1383148
1384420
1342720
1375911
1372099
1379359
1379757
1372822
1379812
1380082
1386002
1379865
1387023
1341841
1386645
1388283
1386668
1376987
1373207
1378716
1379462
1386124
1365098
1370067
1373927
1370264
957672
1343051
1374049
1377685
1374095
1027408
1365951
1154557
1150664
1031221
1374321
1366316
1374522
1154556
1154635
1366483
1413681
1415470
1422754
1414760
1415026
1417239
1415286
1415799
1415316
1418977
1419466
1421451
1419010
1420012
1420255
1420287
1421038
1421094
1420379
1413628
1420405
1423689
1424199
1421676
1398483
1424486
1424247
1406511
1423520
1424290
1418078
1424304
1424572
1406585
1423870
1417897
1398628
1406414
1425397
1403526
1407310
1404671
1413204
1403931
1413209
1399475
1404682
1410725
1407978
1407500
1407750
1412506
1451419
1452661
1452662
1408007
1408011
1409772
1409307
1410776
1411815
1452178
1413784
1410551
1454502
1456966
1448241
1410605
1454285
1441907
1407641
1412157
1427429
1427435
1456065
1396938
1396710
1457767
1448338
1396964
1405701
1396531
1455168
1398988
1432238
1396763
1432028
1431533
1398318
1431539
1397329
1398335
1455681
1398039
1430112
1405750
1457994
1398360
1454927
1448434
1398375
1431136
1431153
1430403
1428677
1444484
1445026
1443621
1396935
1443825
1434962
1429420
1432985
1458363
1445738
1432424
1433230
1441534
1443381
1434498
1435023
1401008
1401348
1433066
1435480
1446485
1433811
1446958
1434785
1433079
1434305
1434314
1445852
1434331
1404472
1399912
1402376
1435566
1447306
1435382
1449096
1436740
1438225
1437988
1485434
1451482
1485565
1451490
1438006
1449560
1446686
1488758
1405547
1436568
1439265
1438520
1453198
1438071
1436615
1149836
1485867
1405051
1438551
1404375
1489308
1439552
1450806
1437378
1479567
1439614
1439409
1438657
1450869
1451352
1490075
1480856
1479928
1427749
1482981
1451401
1440594
1442349
1480908
1483004
1441123
1441325
1469865
1470350
1443105
1469906
1427635
1470581
1470385
1483821
1470632
1474216
1486224
1472582
1428804
1486236
1429505
1478346
1428829
1478356
1458990
1481749
1481758
1429589
1460475
1481366
1486621
1486857
1459585
1472886
1458902
1460350
1487109
1459907
1488593
1462974
1461805
1462513
1460885
1462996
1463212
1461611
1460920
1463982
1516780
1463781
1464489
1476972
1476977
1463112
1464079
1462681
1463135
1464592
1462933
1464832
1463676
1466986
1466995
1465763
1468029
1465341
1475959
1520766
1468164
1471705
1468671
1471531
1475527
1475528
1517282
1520832
1472519
1517376
1518368
1517905
1518151
1467241
1506988
1519336
1470448
1467398
1507688
1507666
1507677
1507798
1510561
1507834
1509865
1507872
1511360
1514714
1513862
1511897
1511898
1514403
1512513
1512627
1512658
1504694
1504722
1504803
1479963
1501759
1502301
1502114
1512794
1505793
1490548
1490260
1494497
1494214
1494284
1494126
1498496
1394826
1494138
1494871
1498799
973811
1418329
1044652
1350257
1387243
1491166
1502885
1377420
1495191
1540744
1496096
1548764
1542491
1544536
1450402
1549515
1549274
1548063
1450349
1552068
1548825
1550135
1540442
1546438
1544233
1538215
1548723
1551261
1551030
1500146
1492591
1491922
1546571
1495704
1550868
1503698
1550636
1500388
1551384
1552406
1504011
1546948
1547940
1165062
1551498
1539020
1542480
1541770
1551537
1541331
1542323
1542342
1542359
1541397
1547156
1524646
1545453
1525173
1545218
1528455
1545718
1023282
1545767
1546265
1525820
1438971
1482143
1435837
1438885
1149766
1478145
1448906
1437641
1566901
1522672
1571004
1609670
1609674
1610488
1580947
1526792
1565095
1566136
1565099
1554962
1534387
1477598
1559401
1554405
1433668
1452762
1526818
1591705
1574237
1558076
1560079
1530746
1558337
1531832
1580759
1522987
1562974
1565246
1562980
1575385
1605632
1562988
1474139
1572764
1565021
1571362
1557014
1462008
1581523
1556710
1462081
1581037
1535792
1522498
1581531
1563298
1523042
1522631
1530822
1566305
1573804
1592059
1564318
1573862
1575315
1596471
1615572
1587989
1607845
1606164
1608841
1527201
1580861
1531346
1592091
1664688
1668936
1534978
1535851
1576367
1677490
1630323
1630337
1672697
1644702
1665724
1669712
1568654
1633685
1568661
1665745
1608918
1606994
1531419
1665755
1674650
1638022
1569195
1465078
1578431
1675464
1535924
1583789
1558955
1579950
1638043
1665789
1579167
1563181
1596093
1577170
1599558
1590557
1534484
1676513
1594782
1564626
1473038
1569656
1666059
1594801
1615016
1579793
1558891
1470228
1639711
1615041
1588403
1586655
1601420
1631923
1666099
1571666
1675787
1624763
1665915
1600853
1590452
1620789
1634605
1644484
1610955
1530994
1616966
1534643
1668297
1607993
1607995
1607996
1607997
1607998
1607999
1528002
1608000
1597098
1536015
1616877
1536037
1575542
1536040
1632834
1597136
1604689
1531060
1624815
1560573
1608061
1737572
1601715
1584571
1516962
1623294
1632850
1612898
1676135
1585513
1666822
1632994
1531129
1690377
1619326
1612927
1628807
1676178
1682557
1613726
1589351
1613742
1632901
1608412
1514151
1639184
1625033
1591232
1580242
1617831
1718983
1613795
1677034
1623196
1682655
1727033
1699294
1703301
1627076
1667784
1619536
1664665
1732064
1604947
1621718
1650225
1723094
1609114
1667847
1640117
1668452
1616945
1602792
1719161
1650268
1587236
1623557
1493513
1519858
1506152
1505617
1497412
1516382
1656117
1657034
1713549
1689809
1705556
1702680
1729554
1717584
1685875
1704529
1685881
1737109
1729350
1685896
1709575
1705641
1686754
1656436
1738010
1732434
1686797
1649535
1685000
1730535
1706530
1722519
1682717
1722535
1722541
1703581
1649600
1738101
1710319
1710531
1702912
1730666
1686084
1718660
1730450
1691769
1731298
1695081
1702612
1726354
1733587
1698943
1648475
1713837
1702129
1725926
1707611
1687896
1687897
1687898
1687899
1727229
1679982
1652253
1726190
1682340
1728465
1702993
777882
1707223
1707454
1708470
1692840
1692851
1726757
1738253
1710795
1706745
1697006
1732564
1727344
1680080
1710814
1660088
1648288
1726826
1732585
1710840
1735334
1691063
1660132
1680141
1708652
1732680
1732443
1687170
1680162
1703977
1680253
1680255
1714696
1714697
1705482
1653233
1734683
1680967
1722914
1680994
1652490
1680324
1707763
1689363
1716084
1736870
1700053
1727914
1727927
1735568
1680810
1763652
1680828
1716179
1700101
1720110
1728410
1736374
801001
1688177
1735629
892019
1697752
1661968
1681382
1692156
1661575
1725513
1689045
1697237
1740769
1736542
1756675
1689099
1803772
1661681
1653588
1657510
1649822
1649843
1388339
1697379
1744822
1736660
1657611
924190
1800018
1756882
1748888
1733512
1725765
1782238
1686285
1701983
1781277
1796198
1757016
1805176
1757038
1729901
1686390
1757078
1729935
1686413
1764839
1790262
1801052
1793346
1793351
1793387
1773595
1742735
1796464
1745921
1770203
1780687
1793456
1800958
1791710
1757806
1761051
1715235
1746788
1761088
1763517
1763521
1802177
1802178
1762851
1545603
1762025
1794577
1762106
1803085
1762172
1711572
1716354
1766171
1755764
1755809
1755863
1795582
1755899
1802410
1537609
1795680
1051024
1536611
1051051
1536456
1546851
1474619
1489695
1564853
1474578
1149728
1489724
1489578
1564915
1474485
1629100
1533045
1438929
1588473
1533530
1456437
1539646
1564897
1644905
1543439
1539547
1544789
1602981
1558382
1530320
1556716
1422111
1437577
1524761
1556783
1489125
1537048
1529906
1434791
1441452
1603070
1537077
1521854
1533727
1526058
1488410
1556339
1543333
1622633
1565929
1496042
1521985
1513960
1510133
1513571
1493673
1516595
1497820
1509113
1515361
1518981
1520556
1235470
1498305
1235483
1235516
1562865
1498406
1519992
1498275
1522379
1498291
1674232
1520072
1520085
1523237
1637019
1561753
1508458
1497295
1497296
1674302
1718951
1561842
1654620
1497876
1642767
1664791
1562836
1235649
1651923
1222593
1570906
1642934
1656915
1224059
1616382
1668895
1658865
1588720
1658932
1509243
1584717
1676406
1651571
1516695
1516719
1596238
1629144
1512109
1584764
1513311
1630200
1635096
1630048
1640390
1597625
1636427
1627681
1585743
1674442
1671730
1590757
1667143
1673655
1667184
1678421
1664993
1067539
1633270
1668032
1628244
1361854
1624535
1593786
1650382
1669007
1651238
1593894
1642568
1669095
1642639
1594900
1544056
1641912
1425623
1383397
1500660
1671265
1586332
1633917
1663231
1622753
1625791
1598413
1620127
1395358
1620455
1388033
1623021
1659483
1639277
1593019
1641782
1654404
1446080
1646442
1670293
1414168
1626874
1524469
1626890
1667234
1449951
1667265
1622119
1665538
1736077
1686613
1657779
1667323
1657913
1666475
1657941
1698385
1665651
1737716
1653961
1682473
1634776
1532439
1739893
1532477
1634815
1648944
1701632
1594241
1713281
1739697
1653183
1653959
1738758
1729980
1654029
1658253
1631861
1629912
1684487
1710114
1727180
1693536
1647220
1710152
1705966
1771324
1684517
1594413
1547519
1547312
1619008
1767532
1364453
1669071
1532710
1694495
1469047
1618176
1694523
1722034
1659310
1638913
1426132
1555729
1557603
1565644
1554512
1614304
1568184
1555934
1561173
1696547
1602029
1568900
1637337
1609589
1758826
1529609
1633652
1603362
1647099
1669188
1762705
1530562
1770599
1770615
1744001
1570873
1749166
1587285
1795284
1568421
1556198
1747985
1766718
1790551
1559707
1742205
1576489
1766767
1605548
1580423
1626814
1554234
1547717
1748177
1567963
1799631
1558492
1592909
1743196
1755962
1755964
1547773
1601703
1755993
1578566
1553625
1742265
1716520
1742320
1716589
1761202
1761206
1785739
1712332
1696451
1724564
1743833
1760162
1746088
1785822
1524414
1724630
1769870
1719332
1759060
1757443
1757452
1768099
1765196
1778014
1768784
1797547
1778022
1754297
1798774
1649085
1757260
1743424
1778148
1798793
1757287
1757292
1757300
1559331
1742534
1533022
1536612
1503485
1547475
1742568
1746535
1466372
1802534
1755368
1719865
1528830
1789022
1607191
1790139
1804292
1771032
1789134
1749305
1771122
1749339
1598934
1617595
1645043
1643058
1644993
1787284
1787316
1810354
1806669
1805564
1911749
1911757
1632573
1919913
1911691
1911706
1929572
1922756
1930349
1918841
1633592
1916820
1930612
1906990
1927495
1638548
1623663
1623677
1672018
1641664
1595025
1595027
1922983
1925037
1917871
1673001
1921915
1931097
1925711
1916985
1618699
1906756
1911405
1907406
1629673
1921980
1929860
1907434
1920066
1918307
1924000
1599180
1906701
1926009
1917144
1908175
1643247
1930701
1926090
1636506
1914396
1643301
1924377
1921218
1920599
1636549
1923214
1922178
1674736
1674738
1929959
1677918
1927932
1967056
1979039
1924630
1674825
1935545
1915550
1928160
1674858
1979119
1917547
1930162
1979152
1925382
1425443
1425456
1971162
1593153
1975125
1929023
1906261
1947613
1928835
1932589
1914530
1910394
1987139
1944323
1925631
1910431
1932664
1972084
1956347
1936456
1911230
1948533
1901094
1912052
1963414
1933506
1907272
1953286
1967191
1953300
1937531
1945238
1967348
1955580
1983275
1953391
1944496
1961066
1905808
1909792
1961104
1911639
1911649
1935841
1947707
1912490
1907554
1909050
1980275
1949557
1977246
1960298
1933444
1956520
1970126
1942432
1939875
1913046
1945477
1943215
1901269
1948825
1908463
1989559
1969260
1910050
1986175
1986998
1954189
1713094
1901552
1772093
1772106
1913429
1790964
1754439
1901616
1748680
1949136
1949147
1761233
1713076
1948142
1985474
1793048
1765291
1962384
1792009
1769151
1747624
1792108
1940164
1792180
1772001
1934978
1774365
1795170
1775554
1775614
1974651
1760589
1796126
1987466
1796159
1987480
1815147
1798127
1975616
1778663
1775796
1750537
1750541
1779691
1815930
1812025
1782443
1815587
1991207
1806304
1816214
1810413
1816231
1811214
1805431
1786928
1776060
1815336
1806793
1779137
1947079
1480689
1934811
1961383
1975227
1974233
1975231
1962590
1962487
1978332
1983449
1956756
1966514
1953819
1992068
1956869
1933404
1943926
1993755
1943936
1960452
1984455
1950891
1960845
1901809
1969524
1913637
1944825
2016462
2016463
2016477
2016488
2016490
2016491
2016493
2016494
2016497
2015640
1969118
2007553
1970462
1970465
1964365
1934325
2017670
1977078
1983804
1968270
1957858
2021191
1969896
2005710
1978834
2002769
2000758
1981935
1987698
1970762
1996857
1987701
1982739
2008887
1939223
2000015
1976191
2012832
1979812
2012061
1939346
1979849
2010087
1962958
2000181
2010887
2020154
2018442
1948260
2010707
1975832
2024532
1964804
2009250
2009299
1976683
1964882
2020729
1972879
2018733
1994970
2014925
1976861
1976870
2018810
2004570
2017259
2014119
2002586
2012610
1965128
1964980
2002996
2012648
2017200
2016451
2016454
2016456
2003468
2022557
1999113
1994564
1999180
2005461
2015305
1999361
2003276
1995454
2022923
1995594
3028800
3033806
3022870
3029843
3028870
3028937
3040729
3038430
3029055
3001700
3034024
3033611
3022154
3041026
3042036
3034063
3017987
3038616
3001906
3040949
3004911
3038665
3029323
3094797
3022492
3013286
3001060
3084903
3094843
3029208
3025209
3025489
3093789
3017306
3022608
3016967
3021550
3037528
3031900
3085069
3093873
3041426
3025666
3023054
3022194
3023075
3034526
3013571
3090063
3086151
3010277
3085369
3085370
3032147
3104912
3028239
3101969
3010373
3039995
3105746
3018718
3101065
3094173
3001506
3043045
3027347
3006498
3035294
3006517
3094258
3086374
3027401
3018878
3036316
3105906
3031207
3094353
1723636
3001686
3086488
3005446
3102300
3014931
3032524
1745378
3023644
3039349
3039355
1764414
3023681
3027451
1792791
1990300
1962908
1909584
1753329
1909636
3097511
3050258
3092729
1965797
3039528
3043504
1965838
1792094
3097610
1815860
3052823
1967709
1989281
1783392
3057390
3057392
1800511
3052898
1953056
1905608
3000323
1966874
3004307
1761303
1951090
1763265
3065356
3066193
1955091
1990348
3058623
1631057
3073855
3065413
3073933
3004682
3004608
3003831
1970288
3016097
1970568
3062459
1913360
3019627
1465630
3082907
3000183
3061865
3020505
3062558
1963261
1989779
1961362
1567961
3019345
3000133
1366670
3066076
1940860
1989916
3010865
1955902
1574937
1914041
1914044
3087178
3019681
3006892
1476867
3069494
1958228
1958234
1977724
3011165
3049911
3016598
1946898
3087353
1991421
1779771
1931429
3066854
3061582
1909357
3020295
3081579
1422149
3077883
3078100
3074329
3078534
1815540
3080751
3068760
3067353
3074424
3074987
3074990
3062790
3055504
3078555
3050724
3091375
3099602
3050795
3063061
3107249
3059579
3055792
1951056
1956941
1966177
3083416
3107508
3091755
3099322
3008024
3059754
3103714
3103721
3103723
3083564
3072152
3103870
3086970
3059917
3072184
3107735
3047536
3083781
3092026
3099715
3099726
3047766
3047707
3067767
3047946
3047868
3076450
3064098
3104506
3047968
3076657
3099917
3081837
3020119
3048048
3060639
3071994
3064325
3051887
3068242
3052162
3194383
3182629
3182631
3201934
3217929
3217656
3214365
3214838
3203766
3207835
1805722
1805763
3066686
3061832
3006781
3200004
3208113
3235823
3196194
3196407
3231759
3196842
3212604
3231898
3201133
3185144
3216440
3273688
3221203
3205050
3232924
3225165
3202022
3200268
3205440
3202092
3174401
3232286
3200318
3225236
3185523
3201272
3212422
3200357
3193031
3186532
3209106
3217321
3232797
3204398
3178550
3233797
3297888
3210088
3200856
3196634
3190416
3177704
3232959
3233963
3205747
3192690
3221246
3241626
3193903
3183862
3209159
3189316
3178176
3206703
3187514
3218530
3177565
3177068
3234301
3178274
3295506
3209584
3234578
3178366
3196908
3191386
3224003
3191422
3203476
3224759
3217207
3235057
3212263
3219030
3212075
3192171
3191345
3182508
3191756
3235140
3192360
3203634
3223677
3197160
3197422
3228230
3295078
3264344
3219554
3192040
3226093
3197535
3219605
3229878
3268591
3283705
3226531
3272175
3186945
3240189
3268723
3180143
3236824
3183775
3268747
3183267
3236518
3198798
3256746
3256857
3285427
3269647
3260916
3269221
3248445
3084147
3285233
3237338
3289398
3269114
3241213
3285678
3269351
3292069
3245153
3329638
3293273
3270321
3184541
3267703
3281646
3280221
3264025
3289297
3257851
3270434
3260389
3248076
3270559
3260422
3270648
3254177
3273485
3287135
3244463
3276968
3265993
3238504
3271002
3241063
3271216
3274604
3238980
3254530
3271412
3292752
3254322
3254037
3278522
3278591
3271325
3238813
3258156
3258995
3270866
3241771
3299308
3258475
3242906
3263147
3267595
3321673
3297008
3291206
3280714
3280737
3265262
3283397
3258586
3275339
3248529
3281032
3264769
3357976
3274800
3277607
3262884
3262885
3248588
3263481
3264828
3263511
3335882
3332403
3245917
3251132
3246617
3246001
3279360
3250399
3298641
3259395
3297976
3249065
3254444
3348586
3259478
3300102
3250505
3312356
3300125
3243655
3246107
3283044
3259565
3356855
3316274
3351971
3351793
3341294
3356221
3329016
3319866
3300638
3352037
3309527
3309113
3329126
3359041
3484748
3361625
3349192
3337135
3312981
3323843
3247650
3247500
3361271
3361272
3170812
3329332
3138453
3325140
3327937
3348626
3316715
3327761
3304949
3333542
3310296
3340589
3324324
3324329
3096597
3301330
3317340
3353147
3355055
3355069
3337645
3348836
3305184
3326767
3349084
3346734
3321264
3362098
3350127
3306345
3306375
3334050
3356879
3342985
3126447
3308900
3334094
3343067
3318410
3362583
3152833
3168831
3318304
3317818
3315622
3356378
3353749
3318358
3304624
3350860
3318438
3330983
3341941
3356483
3303538
3308481
3311643
3354515
3354800
3307382
3141617
3124917
3363651
3322548
3150689
3306409
3145605
3161595
3169823
3161231
3168465
3117205
3168956
3125653
3125660
3326676
3323568
3323234
3306489
3339513
3354893
3109288
3128728
3323055
3145354
3145364
3145954
3148744
3158222
3129953
3311493
3116970
3133974
3311127
3142831
3148826
3130148
3110047
3149062
3132831
3113217
3168171
3347665
3327247
3146852
3158524
3429734
3134594
3113330
3168279
3145828
3114152
3146267
3441656
3315546
3126576
3114057
3445441
3146342
3126605
3331384
3347413
3130383
3137190
3147194
3117977
3117260
3363500
3150282
3156083
3130567
3484670
3169397
3114876
3149868
3172073
3143853
3153646
3118268
3130915
3137221
3147412
3144148
3122807
3121179
3119267
3118331
3147473
3160181
3131212
3147554
3131291
3131366
3137721
3123497
3112669
3112221
3122388
3160480
3148150
3458935
3462950
3462951
3135279
3128484
3459280
3474797
3474826
3116139
3148285
3128369
3164657
3459086
3148669
3119960
3159208
3440320
3122992
3151892
3487582
3116093
3155754
3462848
3475890
3439806
3447960
3479276
3139053
3428685
3441121
3479705
3486186
3475977
3475986
3152091
3120033
3488337
3460324
3479891
3171924
3123679
3448421
3432901
3124241
3436690
3467428
3452881
3435980
3480055
3484177
3452977
3480086
3464335
3473573
3489320
3489365
3452467
3468856
3140519
3512702
3483750
3429981
3489569
3477507
3489828
3446498
3508823
3468355
3471525
3430798
3434336
3443942
3528688
3456305
3434715
3434718
3443114
3474374
3449483
3488052
3446888
3462227
3481560
3449768
3468595
3501511
3550793
3522688
3446855
3435214
3447125
3465994
3489756
3518796
3469561
3453951
3453234
3489879
3434993
3441901
3502110
3437587
3506886
3472974
3438379
3506919
3431620
3543297
3523282
3473535
3453872
3457648
3504461
3451144
3542778
3441557
3470518
3441762
3503664
3491572
3511588
3551969
3503624
3454895
3503932
3496225
3507212
3526987
3503773
3536092
3496069
3502213
3546741
3539891
3536615
3547730
3510789
3527882
3527972
3458265
3508017
3584629
3508273
3492740
3511361
3584684
3572441
3499451
3499020
3499025
3541661
3493720
3524595
3521615
3538120
3505616
3495852
3512289
3541890
3521836
3493369
3545404
3497740
3494238
3494245
3496524
3513002
3548226
3528331
3522113
3516185
3506335
3542216
3598769
3532626
3494022
3505392
3548656
3526109
3526320
3533093
3515824
3524195
3372987
3514202
3514679
3546540
3536387
3594864
3559430
3514015
3498052
3575150
3556117
3559880
3570748
3522681
3534584
3534585
3606749
3579468
3514579
3560039
3611456
3612118
3612120
3583593
3567329
3571139
3563073
3612291
3556368
3566877
3579889
3563761
3575029
3579345
3517583
3560842
3579835
3564412
3380802
3583222
3576269
3380830
3595947
3576296
3576306
3588172
3372557
3550093
3574703
3568582
3568904
3580229
3592824
3696289
3603923
3562695
3537982
3373563
3404717
3554647
3404805
3404484
3614291
3614293
3700256
3405005
3613817
3367702
3423690
3612960
3596417
3577838
3373627
3700356
3594975
3614729
3614730
3614747
3381763
3377627
3405312
3364027
3592202
3396434
3573493
3368147
3381888
3380695
3420066
3420114
3400971
3375257
3391931
3586355
3392004
3586557
3424605
3387748
3569508
3597034
3375435
3420348
3597044
3424774
3583081
3396910
3562792
3561117
3601205
3392387
3593516
3593527
3379676
3420720
3405128
3383990
3568039
3405150
3555752
3424964
3568112
3601731
3397193
3568337
3594527
3565599
3365427
3561698
3584555
3569925
3368931
3589750
3605996
3605997
3389235
3572003
3605241
3392993
3392994
3562195
3580862
3389472
3380608
3397542
3692767
3779634
3561583
3602449
3589244
3379721
3614190
3376586
3606273
3416725
3558605
3570604
3367878
3370353
3370360
3695684
3702073
3692995
3418364
3385712
3610499
3693038
3779508
3426051
3418548
3418553
3384410
3386715
3389911
3410159
3393692
3418979
3700670
3425718
3693417
3610605
3617799
3425766
3366058
3414584
3419888
3406928
3422203
3414853
3398947
3399170
3407086
3407087
3399249
3426463
3419112
3406867
3399299
3733819
3410678
3394113
3394728
3692641
3694476
3411158
3370130
3737944
3734332
3577670
3722025
3383481
3398361
3745832
3398586
3738358
3726021
3702851
3402657
3738816
3706324
3741969
3779377
3738537
3738541
3795420
3687375
3835277
3783429
3426724
3403580
3774707
3683002
3839270
3710328
3803419
3839314
3427512
3735838
3415601
3771061
3743744
3367796
3743813
3743236
3730674
3739968
3684714
3407468
3684705
3740341
3740364
3743982
3744257
3770068
3727455
3685287
3707067
3708852
3708696
3709444
3744963
3367537
3690647
3705788
3725206
3737515
3709741
3709133
3690359
3690364
3721519
3713395
3690604
3779883
3744519
3717400
3701775
3708043
3809926
3776912
3732115
3370900
3371511
3777131
3371538
3838009
3777070
3838066
3732761
3777314
3751088
3750103
3702133
3751140
3762719
3755004
3802257
3781070
3811377
3838662
3783049
3759008
3702297
3801886
3787213
3773545
3787317
3767877
3806280
3800085
3759783
3855390
3783811
3768030
3746446
3804083
3803056
3783868
3807929
3807932
3803089
3752119
3728271
3778465
3745266
3788211
3756200
3839950
3788622
3756442
3795038
3807786
3755556
3844320
3804675
3749430
3843739
3763365
3752823
3748015
3752835
3757011
3805062
3819399
3806045
3781678
3685758
3756628
3788938
3809079
3785517
3858025
3785617
3761549
3788663
3845925
3861768
3792452
3837479
3822420
1952922
3793251
3858378
3841381
3811057
3826807
3826830
3862755
3862756
3866668
3680400
3760649
3866814
3859068
3827646
3862929
3760233
3647675
3846824
3648770
3647737
3811925
3652746
3812122
3839061
3866578
3863092
3815471
3855815
3818863
3816066
3848123
3851949
3819516
3816314
3962763
3832302
3858704
3820145
3760582
3644894
3855886
3660381
3826559
3848682
3832744
3864729
3779260
3859226
3792772
3868465
3852774
3649218
3865085
3649033
3852613
3649372
3653152
3768458
3654053
3653030
3647149
3853121
3829340
3871728
3857405
3861551
3646567
3674820
3869591
3675091
3638922
3639084
3873560
3662869
3666989
3670896
3674966
3635297
3639144
3663621
3667378
3635642
3635420
3671134
3623500
3623517
3675405
3651755
3671643
3679892
3966131
3655829
3652226
3656103
3631954
4050509
3958940
3676216
3640525
3624593
3982426
3966805
3660466
3680664
3664874
3824659
3672525
3633082
3624847
3640869
3672830
3672691
3621186
3853266
3641235
3769109
3830482
3625424
3657465
3657503
3865361
3813624
3674011
3641825
3833205
3658118
3964254
3661776
3629599
3646332
3984870
3674626
3633883
3681636
3863636
3665732
3665977
3681989
3866234
3674568
3658560
3968064
3662639
3867652
3662289
3654555
3971527
3637594
3971550
3942392
3958379
3968234
3977211
3993207
3957767
3973001
3977461
3942736
3682541
3666560
4041048
4044900
3937951
3990235
3959540
3950570
3993881
3997830
3950608
3988938
3978649
3981866
3957941
3982457
3969292
3970036
3969105
4106419
3994460
3986448
3960006
3960472
3991314
3991564
3991369
3979637
3998641
3998642
3999403
3939297
4051458
3945087
3983819
3941625
3956237
3956254
4052754
3984007
4036784
4036799
4020783
4037090
4021098
3996381
4037605
4056986
3941258
3996316
4009038
4044548
3984680
4032705
3996576
4037991
4061002
4061032
4109353
4000354
3953220
4052706
4020943
4048301
4005602
4025838
4033092
4017114
4066379
4013677
4082421
4109923
4038969
4006106
4009515
4009908
3915520
4063146
3915609
4063256
4055328
4058812
4003336
3919600
4055897
4056108
4015395
4015410
4115027
4019199
4015500
4015718
4056498
4015805
4112084
4116332
3653875
4036114
4077235
4072911
4089871
3657282
3918581
4097912
4121675
3922695
4097498
3917746
4077923
4101964
4101948
3861254
3665245
4073660
3916048
4074854
4082605
4094604
3887199
3919822
4086071
4095177
3920246
4123567
3923770
4075339
4095687
4067161
4123818
3924060
4086818
3920835
3927428
4127750
3920924
4127915
3921139
4103989
4079793
4128271
3916140
4096479
4072135
4235963
4116604
4087873
3917221
3882265
4232550
3882614
3906253
3922104
3874041
3925937
4068605
4120020
4068621
3926074
3890266
3934761
3913950
3922536
3899348
3883264
3910395
3874901
3926511
3891064
3878589
3926620
3898432
3911146
3922748
3931527
3911344
4234125
3932119
3904044
3898218
3884319
3887915
3908220
3884530
3888310
3879854
3876042
4242078
3883643
3876397
3875536
3880205
3888667
3895564
4242379
3904829
4242177
3912439
3885509
3876681
3905549
3913168
4239276
3937652
3937327
3937334
4216581
3897098
4235406
3884678
4235470
4216999
4205015
4252105
3881584
4220932
4220998
4249350
4217176
4224904
4229166
4253363
4206325
4218241
4193885
4228849
4193611
4210588
4253655
4198242
4225783
4225823
4229043
4253903
4254178
4207018
4203786
4227161
4211756
4319147
1810458
4231113
4230245
4196055
4287734
4208648
4313901
4300172
4200213
4227518
4200403
4200496
4264315
4207688
4380077
4292297
4268298
4267854
4264612
4010051
4380919
4300602
4301327
4284733
4292833
4272808
4261037
4257281
4313195
4261351
4293831
4376216
4290082
4290094
4277248
4269298
4298681
4382168
4325417
4290434
4190465
4294617
4285298
4310180
4382655
4266707
4299364
4322382
4360104
4335858
4324506
4372853
4188908
4364243
4328477
4368134
4360583
4186365
4356235
4349106
4332855
4336643
4353152
4353406
4361867
4320472
4369043
4337053
4372626
4356934
4376944
4373470
4324684
4357465
4334037
4358027
4331026
4370133
4337909
3918080
4198482
4131401
4080880
4181537
3681150
4347144
4137171
4338037
4343587
4279607
4191192
3677278
4131792
4161483
4499208
4179635
4183069
4363456
4173799
4335457
4160953
4175096
4131566
4509930
4454706
4507962
4506526
4506620
4139029
4134631
4183942
4136567
4143349
4451745
4147194
4129686
4142757
4145543
4163480
4460038
4168574
4140110
4482770
4173953
4169636
4156597
4164258
4500484
4471277
4500717
4175940
4172290
4452925
4533708
4571222
4498325
4457239
4463134
4530254
4459470
4455636
4534751
4470251
4534786
4461722
4538737
4538769
4464829
4465566
4449021
4456985
4543046
4462988
4558962
4475833
4487671
4478232
4488806
4574599
4488866
4517539
4576685
4585784
4391980
4532931
4599186
4530558
4593857
4590528
4595064
4401685
4533789
4587772
4589844
4101176
4305004
4554459
4212358
4076758
4549839
3815958
4548068
4623097
4556961
4548316
4548151
4552203
4564879
4568692
4567894
4566506
4568586
4384548
4384598
4398225
4716672
4397093
4580368
4398765
4596664
4595912
4397136
4595790
4600471
4618181
4612022
4604915
4608606
4612953
4425650
4411926
4611560
4611578
4624186
4400184
4632689
4433458
4617294
4428236
4436093
4428289
4628923
4428350
4622494
4446874
4444181
4385771
4384984
4384929
4714377
4793758
4716007
4388983
4717576
4715840
4721240
4717767
4721402
4411085
4717078
4733964
4422359
4419036
4424697
4434595
4427023
4442932
4426272
4430487
4754074
4754243
4709381
4432776
4797635
4796514
4751651
4724555
4742696
4725492
4743413
4737185
4732233
4753042
4821987
4737150
4736515
4760961
4734429
4822303
4770599
4783433
4798413
4746206
4731423
4785138
4770370
4763136
4761359
4786657
4774478
4784876
4856575
4774619
4849974
4788115
4785253
4783523
4783562
4861666
4859835
4850306
4667058
4807753
4816746
4807100
4818637
4813157
4813158
4803362
4807164
4822683
4823166
4812222
4819544
4822412
4807392
4874228
4823220
4820269
4823598
4823601
4775129
4843836
4846919
4852892
4847942
4850836
4660674
4670795
4671000
4863039
4854940
4863602
4674052
4678844
4876234
4849405
4877105
4873002
4873003
4884131
4863160
4863161
4885375
4694756
4888294
4887761
4878378
4698768
4698875
4892766
4694881
4887157
4832113
4835879
4836080
4892987
4844198
4639315
4881375
4885136
4969795
4886532
4659452
4840431
4892462
4831748
4837500
4656987
4660834
4657214
4522754
4347528
4560599
4562650
4518013
4636220
4706323
4514340
4400371
4511706
4573849
4657327
4986414
4981695
4992322
4689191
4682546
4682618
5013144
4697204
4690416
4984150
4688752
4684869
4688999
4996973
4639444
4642456
4696930
4645212
4651706
4701259
4697213
5067165
5067188
4970200
4981046
5063776
4972359
4977041
5057570
5130876
4998797
4999900
5005485
5006708
5033158
4998032
5011405
5006934
5025186
5040196
5010126
5045215
4959292
4961623
5083746
5028008
5121309
5031750
5085627
5133444
5136697
5136763
5109405
5084465
5043904
5022423
5127315
5060003
5041857
5023120
5022115
5025989
5049662
5042065
5098447
5047244
5115980
5038222
5115776
4922727
4926851
5055519
5055623
4934787
5136212
5143045
4945804
5087044
5133727
4950359
4913892
5147608
4906209
5104132
5091186
4950519
5086152
4954850
5139629
5099461
5108408
5236702
4911101
4916821
4928153
4925293
5248561
4928703
4945106
4947909
5273661
4940179
4947158
4955148
4956170
5264473
5217154
4911244
4904744
4904745
4917421
4916179
4916180
5228828
5317266
5316372
4912842
5238539
4955870
5276885
5246520
5237866
5334774
5332013
5332014
5328449
5276123
5313051
5253616
5289680
5243027
5267193
5220029
5224147
5218246
5274717
5219237
5380922
5236153
5235203
5218205
5376040
5226779
5318403
5338160
5329830
5381004
5351986
5277613
5401780
5355923
5359996
5295090
5290256
5396737
5306200
5311391
5189358
5197898
5373335
5377821
5188783
5345987
5393515
5346075
5197448
5346184
5393868
5365142
5365157
5177130
5371479
5168852
5375374
5199442
5165836
5526044
5472673
5469700
5520086
5525294
5159044
5515783
5150404
5483938
5484119
5495182
5162557
5211780
5179217
5174793
5179333
5493167
5534908
5176592
5505790
5583803
5470684
5520486
5175653
5591852
5468950
5510027
5480711
5508813
5184282
5477272
5567341
5482387
5574748
5604781
5578695
5648317
5534190
5590367
5559575
5589700
5567875
5595677
5537579
5546321
5607142
5413234
5635160
5552240
5627548
5550411
5602765
5557593
5576799
5570377
5606183
5578268
5422333
5621689
5560859
5415247
5428087
5617907
5413667
5581269
5436469
5626331
5453237
5632525
5447866
5644943
5645955
5407042
5743305
5409948
5464416
5602553
5732579
5426377
5409673
5415801
5754530
5434880
5425967
5456605
5439003
5445783
5429999
5761978
5783475
5425908
5457256
5822440
5798065
5778568
5801952
5730114
5745039
5730437
5744522
5753219
5775913
5805538
5805562
5877132
5807804
5692439
5807009
5840476
5893813
5870339
5879796
5822947
5819164
5894060
5885954
5828148
5898265
5788962
5840143
5680380
5686322
5797593
5685163
6006528
5889613
5892584
5874961
5896640
5876700
5872964
5688846
5702781
5687827
5692437
5899877
5851993
5855020
5912872
5677835
6013804
5701554
6081737
6008964
6021395
6016697
6012294
5682366
6085159
6085160
5709879
5701255
5664707
5666219
5661171
6088414
5661362
6091459
5996083
6003201
5998886
6145062
6082017
6153457
6049534
6053558
6068692
5979940
5989072
6056953
6057298
6038288
5979596
6141349
6078430
5958835
6058783
6054827
6051375
6113147
6139808
6063279
5970768
6143159
6276001
6129390
6275925
5974587
5960006
6272344
6167649
6115751
6160265
6160465
6119810
6275514
6275113
5947547
6278013
5920478
5921513
5939386
5974696
5923535
5972026
5921638
6232963
6252457
6257173
5918994
5926885
6344688
6348629
5933571
5936566
6270869
5923176
6283402
6270091
6293571
6239562
6303824
6405634
6252260
6248191
6346985
6306563
6342554
6363165
6418187
6360659
6413455
6368223
6316732
6309144
6335272
6387946
6415318
6411019
6232049
6325269
6401647
6232261
6365229
6409145
6181167
6228436
6365844
6374133
6177116
6379432
6386204
6373184
6219256
6560416
6395369
6218520
6179572
6539435
6190797
6495869
6507728
6180306
6193691
6174493
6490232
6519559
6195592
6523086
6511229
6206952
6541860
6505846
6571311
6501087
6503277
6591274
6509062
6576211
6504135
6516360
6505809
6508303
6534378
6534379
6522665
6561954
6524922
6528883
6676631
6634964
6626390
6624128
6573408
6609453
6437839
6595730
6595645
6604284
6645920
6666646
6672480
6484206
6487538
6754107
6761802
6431642
6751581
6756162
6454371
6745887
6826276
6454418
6478291
6479110
6748871
6771228
6768093
6764578
6785037
6790756
6819833
6702744
6918296
6865112
6878128
6857485
6817605
6853083
6810640
6808104
6888311
6896961
6850984
6814962
6708987
6887595
6916112
6723239
6915236
6932938
6912546
6704439
6724450
6924392
6879138
6693327
7036910
7032446
6727604
6684541
6735862
6687441
7002047
6690247
7020476
7029725
7029968
7045602
7053410
7041576
7161467
7003690
7006823
7051048
7084233
7110214
7007331
7150504
7112645
7091280
7134165
7150919
7082303
6974784
6974816
6977838
6980447
7130004
6994610
7182757
7139899
7127315
7126932
7177760
6938280
6964846
7296632
7291919
6963579
6989148
6984234
7261609
6952776
7364042
6939559
7291266
7289942
7437884
7295451
7369260
7331857
7290714
7341119
7267333
7271316
7428196
7428197
7378170
7341875
7244858
7241233
7404774
7200827
7399092
7402847
7401817
7442545
7242674
7552116
7227241
7563248
7206262
7196583
7204497
7536016
7557573
7590828
7570182
7572840
7545440
7612046
7592421
7586074
7606248
7684266
7637085
7620458
7499845
7444410
7459564
7462697
7685808
7496873
7507544
7500781
7470257
7467545
7482537
7489696
7507677
7842376
7764494
7792149
7502193
7866425
7770237
7811019
7723118
7921997
7711765
8046548
7892386
7927116
7703017
7936086
7933283
7707061
7716623
7749459
8121790
7745704
8189168
7708108
8124069
8072171
8063523
8068423
8074940
8085098
8027889
8177349
8003584
8187904
8103403
8157056
8010142
8206740
8007517
8395370
7979329
8388006
8284566
8281642
8302879
8408541
8363587
8405589
8431188
8246651
8585068
8229265
8229298
8226807
8229414
8577966
8605209
8552683
8574391
8555985
8659259
8635064
8566260
8795054
8524147
8701644
8518148
8806317
8820953
8819118
8832126
8799745
8907523
8852969
8737467
9073424
9060514
9124842
9129815
9135200
9154784
9154796
9017030
9021009
8976395
9305191
8976143
9325857
9304805
9338063
9356338
9371050
9434901
9286261
9689294
9725060
9872488
9775022
10169512
10040524
10480683
10485081
13994566
10687066
11619055
99706
13072
1633840
1728149
1638618
1658905
1618412
1722149
1554360
1681623
1568407
1739664
1712405
1663118
1554642
1625314
1660820
1617594
1620454
14115980
15001056
15410894
952050
968172
1091592

