42470
49377
70855
100554
104191
171188
127924
171203
145355
148497
165247
115428
204909
158777
205005
158954
105950
148790
153445
139505
142778
158992
110093
154061
110650
205257
143748
143757
150069
139394
125412
147044
200731
151189
187653
151362
147739
172968
172978
166992
173001
184776
124390
185088
172426
235509
147471
186075
268019
266518
232554
236990
304307
218171
208326
299812
299962
303906
303405
266258
219447
253531
227330
251362
286585
240050
340022
213188
287572
288504
275297
205967
269581
306981
230457
213280
227680
335599
297684
270325
332260
206862
232839
210136
298037
312315
338169
339380
277480
318158
277389
359524
361991
320268
356961
360237
281026
358122
312437
353064
350839
382931
384982
504675
503229
532209
541534
564750
556585
568255
566620
312291
596074
540777
544911
571204
545741
565859
565900
521684
547133
576287
554507
558108
554533
547957
511287
554283
516775
547405
534333
607468
609672
551616
584695
581051
585147
582445
641872
632834
642544
584677
615807
580141
613781
627057
587434
612906
580760
618551
633953
643773
668477
703653
696254
712668
705481
668129
701019
676992
705052
705218
705305
676591
714929
729130
722448
674065
760354
769960
756905
769979
802347
804422
766804
770757
811092
811497
811530
808823
770996
799284
687677
795038
775228
653173
791265
836874
682063
797087
841256
682551
834421
784438
779315
790806
788593
839343
796011
825044
792983
846030
819074
822283
862497
875473
868372
826672
863445
912861
866912
857653
915682
851375
886492
917173
906539
870476
896309
883753
946369
950248
914691
915091
914881
944139
937799
898558
921117
747638
734335
705781
769914
726102
918514
972216
716505
670458
727244
723656
967114
723369
954390
924738
993957
1001353
1010069
1011610
716882
1072993
1064968
1104501
1059521
1104030
983760
983770
1096679
1101979
1101646
1049410
928314
1088218
969005
1097114
1098624
1088621
1063306
1102537
1143541
1085576
1102617
1110999
1082886
731136
1135720
1007147
1139225
739477
1043040
929908
987594
1017479
989145
933295
993227
995179
993289
942664
1072342
1037815
1004140
1069336
888869
1038024
1002412
998131
1046523
1073819
853200
1028634
742335
1017767
1029436
1045765
1035283
948410
1057970
1068280
1078659
1078250
1138559
1093555
1050011
1141122
1139162
1129303
1124154
1118719
1130286
1163554
1114515
1171369
1114651
1113984
1127344
1113572
1117080
1163928
1122685
1164157
1170715
1119495
1121189
1119615
1120125
1012937
1017984
1172236
1165653
1156840
1145247
1152589
1152114
1153224
1150174
1177886
1184450
1183484
1182539
1195183
1200014
1199779
1186622
1198341
1187166
1175214
1230707
1230009
1232707
1234039
1227173
1221470
1232038
1223648
1219573
1207306
1208385
1209698
1233362
1209723
1213464
1237344
1236979
1269189
1267154
1267960
1254257
1255268
1261572
1237123
1259751
1258881
1262300
1239424
1288690
1250537
1257697
1249527
1252029
1251111
1248955
1299950
1239789
1300230
1286179
1293628
1300350
1297236
1291987
1294522
1252450
1294593
1300841
1276934
1298988
1298915
1240571
1299655
1281805
1286822
1281619
1278187
1283610
1270280
1275075
1270504
1320062
1272032
1324010
1322728
1276464
1318201
1303917
1327343
1307001
1307014
1307132
1311252
1316588
1314374
1309159
1352876
1303443
1352909
1356940
1353620
1316280
1359835
1354559
1360076
1353788
1313657
1357464
1354911
1364011
1301725
1358503
1353884
1357555
1344564
1344566
1335313
1335954
1345458
1333158
1346316
1339987
1349939
1394363
1338120
1382787
1334703
1382823
1395061
1395607
1393509
1381214
1381768
1394001
1381931
1393561
1388988
1388991
1394169
1381583
1381611
1379757
1372822
1380082
1386002
1388283
1386124
1373927
1374321
1366316
1413681
1415286
1419010
1420379
1406585
1404671
1404682
1408011
1454285
1441907
1412157
1455168
1397329
1458363
1432424
1401008
1434785
1434305
1445852
1435382
1449096
1446686
1438071
1436615
1450806
1480908
1483821
1472582
1478346
1478356
1460475
1486857
1458902
1460350
1462513
1476977
1462681
1465763
1517282
1472519
1519336
1467398
1514714
1490548
1494497
973811
1502885
1549274
1551030
1525820
1438885
1478145
1566901
1554405
1574237
1558337
1531832
1562980
1572764
1556710
1522498
1573804
1564318
1573862
1606164
1664688
1535851
1665724
1568654
1583789
1579167
1563181
1569656
1594801
1579793
1620789
1634605
1610955
1607997
1607998
1608000
1575542
1624815
1560573
1516962
1613742
1591232
1677034
1619536
1664665
1604947
1650225
1493513
1689809
1722519
1718660
1730450
1691769
1695081
1726354
1648475
1713837
1687896
1687898
777882
1707223
1710795
1706745
1732564
1727344
1735334
1691063
1660132
1705482
1680994
1652490
1707763
1736870
1727914
1700101
1720110
1688177
1681382
1689045
1689099
1649822
1649843
1744822
1800018
1781277
1757016
1793387
1742735
1800958
1763517
1802178
1716354
1755809
1802410
1536611
1149728
1438929
1533530
1422111
1437577
1603070
1521854
1526058
1543333
1493673
1497820
1509113
1522379
1498291
1523237
1497296
1674302
1497876
1664791
1668895
1658865
1584717
1676406
1627681
1671730
1067539
1624535
1671265
1620455
1659483
1654404
1449951
1657779
1682473
1739697
1729980
1654029
1631861
1727180
1693536
1469047
1618176
1614304
1568900
1758826
1762705
1530562
1766718
1790551
1559707
1742205
1626814
1748177
1799631
1592909
1755962
1755993
1761206
1712332
1743833
1760162
1778014
1768784
1778022
1778148
1559331
1749305
1643058
1919913
1918841
1672018
1922983
1921915
1629673
1921980
1599180
1926009
1636549
1674736
1929959
1677918
1967056
1935545
1425443
1425456
1906261
1928835
1948533
1901094
1912052
1937531
1945238
1953391
1905808
1911639
1911649
1960298
1943215
1910050
1986175
1986998
1901552
1748680
1949136
1949147
1760589
1987480
1798127
1775796
1811214
1947079
1961383
1962590
1962487
1960845
1969524
2016463
2016477
2016490
2016497
2015640
1970465
1934325
1977078
1957858
2021191
1969896
1981935
1982739
2000181
1948260
2009250
2018733
1994970
1964980
2002996
1999113
1994564
2015305
1995454
3022870
3029843
3028937
3038430
3022154
3034063
3001906
3038665
3013286
3084903
3029208
3093789
3023054
3023075
3010373
3001506
3006498
3031207
3102300
1764414
1962908
1965797
3097610
1800511
3052898
1763265
3065413
3073933
3016097
1913360
3061865
3020505
1567961
3000133
1366670
1914044
3087178
3066854
3078100
3074329
3074987
3074990
3055792
3103723
3059917
3107735
3083781
3047707
3067767
3099917
3060639
3182631
3217656
1805722
3061832
3006781
3196194
3231759
3212604
3232924
3200268
3205440
3232286
3185523
3204398
3178550
3177704
3232959
3209159
3178176
3206703
3218530
3177068
3234578
3196908
3217207
3219030
3192171
3191345
3228230
3295078
3219605
3283705
3268723
3268747
3285427
3269647
3269221
3084147
3270321
3281646
3280221
3289297
3257851
3260422
3270648
3273485
3238504
3241063
3271216
3274604
3271412
3278522
3258156
3263147
3267595
3297008
3265262
3264828
3246617
3246001
3279360
3250399
3297976
3348586
3312356
3283044
3316274
3309527
3359041
3484748
3349192
3247650
3350127
3306345
3356879
3343067
3362583
3152833
3353749
3318358
3304624
3318438
3330983
3341941
3303538
3308481
3124917
3125653
3323234
3128728
3311493
3130148
3132831
3168171
3113330
3146342
3130383
3117260
3363500
3130915
3119267
3148150
3135279
3128484
3148285
3164657
3119960
3440320
3122992
3447960
3475977
3479891
3484177
3480086
3443114
3474374
3488052
3449768
3550793
3518796
3469561
3453951
3489879
3502110
3470518
3454895
3510789
3527882
3458265
3508017
3499020
3541661
3548226
3506335
3542216
3598769
3532626
3548656
3533093
3546540
3536387
3559430
3570748
3522681
3606749
3611456
3567329
3571139
3612291
3579345
3583222
3580229
3696289
3404717
3614291
3423690
3381763
3592202
3573493
3391931
3586557
3387748
3569508
3420348
3396910
3392387
3420720
3568039
3365427
3561698
3605997
3572003
3580862
3397542
3779634
3589244
3379721
3614190
3370353
3695684
3418548
3410159
3418979
3700670
3425766
3419888
3422203
3419112
3692641
3398361
3402657
3738816
3738537
3403580
3839270
3839314
3743744
3740341
3685287
3367537
3709741
3708043
3371511
3777131
3838009
3777070
3751140
3783049
3787317
3759783
3746446
3807932
3752119
3839950
3804675
3843739
3757011
3806045
3858025
3785617
3858378
3841381
3826807
3866668
3866814
3862929
3811925
3863092
3815471
3818863
3816066
3851949
3819516
3644894
3855886
3779260
3792772
3852613
3638922
3674966
3667378
3676216
3680664
3640869
3672691
3657465
3641825
3658118
3964254
3646332
3633883
3665732
3681989
3971527
3971550
3993207
3973001
3937951
3950570
3978649
3960472
3991564
3999403
3956237
3996316
4009038
4044548
4061002
4005602
4109923
4058812
4055897
4015395
4015410
4015718
4015805
4112084
4101964
4101948
3916048
3919822
4095177
3923770
3927428
3921139
4068605
4120020
3890266
3934761
3910395
3926620
3884530
3879854
3876042
3888667
3937327
4235406
4235470
4249350
4225783
4253903
4196055
4313901
4227518
4200496
4292833
4313195
4269298
4298681
4325417
4382655
4299364
4360104
4328477
4349106
4332855
4336643
4320472
4080880
4338037
4343587
4173799
4163480
4164258
4175940
4172290
4498325
4464829
4456985
4487671
4576685
4585784
4593857
4590528
4401685
4548068
4552203
4566506
4568586
4608606
4632689
4433458
4428289
4446874
4384984
4793758
4411085
4424697
4427023
4754074
4432776
4821987
4736515
4770599
4859835
4818637
4846919
4847942
4850836
4660674
4670795
4863039
4854940
4873002
4873003
4884131
4698875
4892766
4836080
4892987
4831748
4656987
4522754
4562650
4636220
4657327
4682546
4682618
5013144
4697204
4684869
4688999
4996973
4639444
4642456
5067188
4981046
4977041
5011405
5040196
4959292
5136697
5136763
5115980
4926851
5055623
4934787
5133727
4913892
5147608
5139629
5099461
4947158
5217154
5317266
5316372
4912842
5276885
5237866
5334774
5313051
5243027
5218246
5236153
5351986
5311391
5393515
5365142
5177130
5371479
5199442
5469700
5159044
5515783
5484119
5505790
5175653
5468950
5648317
5595677
5635160
5552240
5415247
5617907
5453237
5645955
5407042
5602553
5732579
5456605
5439003
5753219
5805562
5879796
5819164
5840143
5680380
5685163
5889613
5702781
5899877
5851993
5855020
5996083
5998886
5979596
6275925
6160465
5947547
5974696
5921638
5936566
6335272
6232261
6379432
6218520
6495869
6519559
6501087
6509062
6576211
6504135
6516360
6534378
6524922
6528883
6624128
6595730
6595645
6645920
6754107
6761802
6751581
6454371
6745887
6785037
6790756
6918296
6853083
6810640
6888311
6814962
6932938
6690247
7029725
7006823
7150504
7091280
7150919
6980447
7127315
7177760
7296632
7364042
6939559
7289942
7295451
7341119
7428196
7428197
7341875
7241233
7402847
7401817
7196583
7572840
7684266
7620458
7459564
7470257
7507677
7792149
7811019
7921997
7933283
8121790
8124069
8063523
8187904
8103403
8007517
8284566
8408541
8405589
8585068
8659259
8635064
8524147
8701644
8518148
8820953
8799745
8907523
9124842
8976143
9325857
9286261
1638618
968172

